# First column: index of dimension 2; Second column: index of dimension 3
CS_EncMatrix 32 16
CS_ACT_EncMatrix 32 16
PVM_RareFactor 8
   0    0
   2    0
   4    0
   6    0
   8    0
  10    0
  12    0
  14    0
  -1    0
  -3    0
  -5    0
  -7    0
  -9    0
 -11    0
 -13    0
 -15    0
   1    0
   3    0
   5    0
   7    0
   9    0
  11    0
  13    0
  15    0
  -2    0
  -4    0
  -6    0
  -8    0
 -10    0
 -12    0
 -14    0
 -16    0
   0   -1
   2   -1
   4   -1
   6   -1
   8   -1
  10   -1
  12   -1
  14   -1
  -1   -1
  -3   -1
  -5   -1
  -7   -1
  -9   -1
 -11   -1
 -13   -1
 -15   -1
   1   -1
   3   -1
   5   -1
   7   -1
   9   -1
  11   -1
  13   -1
  15   -1
  -2   -1
  -4   -1
  -6   -1
  -8   -1
 -10   -1
 -12   -1
 -14   -1
 -16   -1
   0    1
   2    1
   4    1
   6    1
   8    1
  10    1
  12    1
  14    1
  -1    1
  -3    1
  -5    1
  -7    1
  -9    1
 -11    1
 -13    1
 -15    1
   1    1
   3    1
   5    1
   7    1
   9    1
  11    1
  13    1
  15    1
  -2    1
  -4    1
  -6    1
  -8    1
 -10    1
 -12    1
 -14    1
 -16    1
   0   -2
   2   -2
   4   -2
   6   -2
   8   -2
  10   -2
  12   -2
  14   -2
  -1   -2
  -3   -2
  -5   -2
  -7   -2
  -9   -2
 -11   -2
 -13   -2
 -15   -2
   1   -2
   3   -2
   5   -2
   7   -2
   9   -2
  11   -2
  13   -2
  15   -2
  -2   -2
  -4   -2
  -6   -2
  -8   -2
 -10   -2
 -12   -2
 -14   -2
 -16   -2
   0    2
   2    2
   4    2
   6    2
   8    2
  10    2
  12    2
  14    2
  -1    2
  -3    2
  -5    2
  -7    2
  -9    2
 -11    2
 -13    2
 -15    2
   1    2
   3    2
   5    2
   7    2
   9    2
  11    2
  13    2
  15    2
  -2    2
  -4    2
  -6    2
  -8    2
 -10    2
 -12    2
 -14    2
 -16    2
   0   -3
   2   -3
   4   -3
   6   -3
   8   -3
  10   -3
  12   -3
  14   -3
  -1   -3
  -3   -3
  -5   -3
  -7   -3
  -9   -3
 -11   -3
 -13   -3
 -15   -3
   1   -3
   3   -3
   5   -3
   7   -3
   9   -3
  11   -3
  13   -3
  15   -3
  -2   -3
  -4   -3
  -6   -3
  -8   -3
 -10   -3
 -12   -3
 -14   -3
 -16   -3
   0    3
   2    3
   4    3
   6    3
   8    3
  10    3
  12    3
  14    3
  -1    3
  -3    3
  -5    3
  -7    3
  -9    3
 -11    3
 -13    3
 -15    3
   1    3
   3    3
   5    3
   7    3
   9    3
  11    3
  13    3
  15    3
  -2    3
  -4    3
  -6    3
  -8    3
 -10    3
 -12    3
 -14    3
 -16    3
   0   -4
   2   -4
   4   -4
   6   -4
   8   -4
  10   -4
  12   -4
  14   -4
  -1   -4
  -3   -4
  -5   -4
  -7   -4
  -9   -4
 -11   -4
 -13   -4
 -15   -4
   1   -4
   3   -4
   5   -4
   7   -4
   9   -4
  11   -4
  13   -4
  15   -4
  -2   -4
  -4   -4
  -6   -4
  -8   -4
 -10   -4
 -12   -4
 -14   -4
 -16   -4
   0    4
   2    4
   4    4
   6    4
   8    4
  10    4
  12    4
  14    4
  -1    4
  -3    4
  -5    4
  -7    4
  -9    4
 -11    4
 -13    4
 -15    4
   1    4
   3    4
   5    4
   7    4
   9    4
  11    4
  13    4
  15    4
  -2    4
  -4    4
  -6    4
  -8    4
 -10    4
 -12    4
 -14    4
 -16    4
   0   -5
   2   -5
   4   -5
   6   -5
   8   -5
  10   -5
  12   -5
  14   -5
  -1   -5
  -3   -5
  -5   -5
  -7   -5
  -9   -5
 -11   -5
 -13   -5
 -15   -5
   1   -5
   3   -5
   5   -5
   7   -5
   9   -5
  11   -5
  13   -5
  15   -5
  -2   -5
  -4   -5
  -6   -5
  -8   -5
 -10   -5
 -12   -5
 -14   -5
 -16   -5
   0    5
   2    5
   4    5
   6    5
   8    5
  10    5
  12    5
  14    5
  -1    5
  -3    5
  -5    5
  -7    5
  -9    5
 -11    5
 -13    5
 -15    5
   1    5
   3    5
   5    5
   7    5
   9    5
  11    5
  13    5
  15    5
  -2    5
  -4    5
  -6    5
  -8    5
 -10    5
 -12    5
 -14    5
 -16    5
   0   -6
   2   -6
   4   -6
   6   -6
   8   -6
  10   -6
  12   -6
  14   -6
  -1   -6
  -3   -6
  -5   -6
  -7   -6
  -9   -6
 -11   -6
 -13   -6
 -15   -6
   1   -6
   3   -6
   5   -6
   7   -6
   9   -6
  11   -6
  13   -6
  15   -6
  -2   -6
  -4   -6
  -6   -6
  -8   -6
 -10   -6
 -12   -6
 -14   -6
 -16   -6
   0    6
   2    6
   4    6
   6    6
   8    6
  10    6
  12    6
  14    6
  -1    6
  -3    6
  -5    6
  -7    6
  -9    6
 -11    6
 -13    6
 -15    6
   1    6
   3    6
   5    6
   7    6
   9    6
  11    6
  13    6
  15    6
  -2    6
  -4    6
  -6    6
  -8    6
 -10    6
 -12    6
 -14    6
 -16    6
   0   -7
   2   -7
   4   -7
   6   -7
   8   -7
  10   -7
  12   -7
  14   -7
  -1   -7
  -3   -7
  -5   -7
  -7   -7
  -9   -7
 -11   -7
 -13   -7
 -15   -7
   1   -7
   3   -7
   5   -7
   7   -7
   9   -7
  11   -7
  13   -7
  15   -7
  -2   -7
  -4   -7
  -6   -7
  -8   -7
 -10   -7
 -12   -7
 -14   -7
 -16   -7
   0    7
   2    7
   4    7
   6    7
   8    7
  10    7
  12    7
  14    7
  -1    7
  -3    7
  -5    7
  -7    7
  -9    7
 -11    7
 -13    7
 -15    7
   1    7
   3    7
   5    7
   7    7
   9    7
  11    7
  13    7
  15    7
  -2    7
  -4    7
  -6    7
  -8    7
 -10    7
 -12    7
 -14    7
 -16    7
   0   -8
   2   -8
   4   -8
   6   -8
   8   -8
  10   -8
  12   -8
  14   -8
  -1   -8
  -3   -8
  -5   -8
  -7   -8
  -9   -8
 -11   -8
 -13   -8
 -15   -8
   1   -8
   3   -8
   5   -8
   7   -8
   9   -8
  11   -8
  13   -8
  15   -8
  -2   -8
  -4   -8
  -6   -8
  -8   -8
 -10   -8
 -12   -8
 -14   -8
 -16   -8
