# First column: index of dimension 2; Second column: index of dimension 3
CS_EncMatrix 64 32
CS_ACT_EncMatrix 64 32
PVM_RareFactor 8
   0    0
   4    0
   8    0
  12    0
  16    0
  20    0
  24    0
  28    0
  -1    0
  -5    0
  -9    0
 -13    0
 -17    0
 -21    0
 -25    0
 -29    0
   1    0
   5    0
   9    0
  13    0
  17    0
  21    0
  25    0
  29    0
  -2    0
  -6    0
 -10    0
 -14    0
 -18    0
 -22    0
 -26    0
 -30    0
   2    0
   6    0
  10    0
  14    0
  18    0
  22    0
  26    0
  30    0
  -3    0
  -7    0
 -11    0
 -15    0
 -19    0
 -23    0
 -27    0
 -31    0
   3    0
   7    0
  11    0
  15    0
  19    0
  23    0
  27    0
  31    0
  -4    0
  -8    0
 -12    0
 -16    0
 -20    0
 -24    0
 -28    0
 -32    0
   0   -1
   4   -1
   8   -1
  12   -1
  16   -1
  20   -1
  24   -1
  28   -1
  -1   -1
  -5   -1
  -9   -1
 -13   -1
 -17   -1
 -21   -1
 -25   -1
 -29   -1
   1   -1
   5   -1
   9   -1
  13   -1
  17   -1
  21   -1
  25   -1
  29   -1
  -2   -1
  -6   -1
 -10   -1
 -14   -1
 -18   -1
 -22   -1
 -26   -1
 -30   -1
   2   -1
   6   -1
  10   -1
  14   -1
  18   -1
  22   -1
  26   -1
  30   -1
  -3   -1
  -7   -1
 -11   -1
 -15   -1
 -19   -1
 -23   -1
 -27   -1
 -31   -1
   3   -1
   7   -1
  11   -1
  15   -1
  19   -1
  23   -1
  27   -1
  31   -1
  -4   -1
  -8   -1
 -12   -1
 -16   -1
 -20   -1
 -24   -1
 -28   -1
 -32   -1
   0    1
   4    1
   8    1
  12    1
  16    1
  20    1
  24    1
  28    1
  -1    1
  -5    1
  -9    1
 -13    1
 -17    1
 -21    1
 -25    1
 -29    1
   1    1
   5    1
   9    1
  13    1
  17    1
  21    1
  25    1
  29    1
  -2    1
  -6    1
 -10    1
 -14    1
 -18    1
 -22    1
 -26    1
 -30    1
   2    1
   6    1
  10    1
  14    1
  18    1
  22    1
  26    1
  30    1
  -3    1
  -7    1
 -11    1
 -15    1
 -19    1
 -23    1
 -27    1
 -31    1
   3    1
   7    1
  11    1
  15    1
  19    1
  23    1
  27    1
  31    1
  -4    1
  -8    1
 -12    1
 -16    1
 -20    1
 -24    1
 -28    1
 -32    1
   0   -2
   4   -2
   8   -2
  12   -2
  16   -2
  20   -2
  24   -2
  28   -2
  -1   -2
  -5   -2
  -9   -2
 -13   -2
 -17   -2
 -21   -2
 -25   -2
 -29   -2
   1   -2
   5   -2
   9   -2
  13   -2
  17   -2
  21   -2
  25   -2
  29   -2
  -2   -2
  -6   -2
 -10   -2
 -14   -2
 -18   -2
 -22   -2
 -26   -2
 -30   -2
   2   -2
   6   -2
  10   -2
  14   -2
  18   -2
  22   -2
  26   -2
  30   -2
  -3   -2
  -7   -2
 -11   -2
 -15   -2
 -19   -2
 -23   -2
 -27   -2
 -31   -2
   3   -2
   7   -2
  11   -2
  15   -2
  19   -2
  23   -2
  27   -2
  31   -2
  -4   -2
  -8   -2
 -12   -2
 -16   -2
 -20   -2
 -24   -2
 -28   -2
 -32   -2
   0    2
   4    2
   8    2
  12    2
  16    2
  20    2
  24    2
  28    2
  -1    2
  -5    2
  -9    2
 -13    2
 -17    2
 -21    2
 -25    2
 -29    2
   1    2
   5    2
   9    2
  13    2
  17    2
  21    2
  25    2
  29    2
  -2    2
  -6    2
 -10    2
 -14    2
 -18    2
 -22    2
 -26    2
 -30    2
   2    2
   6    2
  10    2
  14    2
  18    2
  22    2
  26    2
  30    2
  -3    2
  -7    2
 -11    2
 -15    2
 -19    2
 -23    2
 -27    2
 -31    2
   3    2
   7    2
  11    2
  15    2
  19    2
  23    2
  27    2
  31    2
  -4    2
  -8    2
 -12    2
 -16    2
 -20    2
 -24    2
 -28    2
 -32    2
   0   -3
   4   -3
   8   -3
  12   -3
  16   -3
  20   -3
  24   -3
  28   -3
  -1   -3
  -5   -3
  -9   -3
 -13   -3
 -17   -3
 -21   -3
 -25   -3
 -29   -3
   1   -3
   5   -3
   9   -3
  13   -3
  17   -3
  21   -3
  25   -3
  29   -3
  -2   -3
  -6   -3
 -10   -3
 -14   -3
 -18   -3
 -22   -3
 -26   -3
 -30   -3
   2   -3
   6   -3
  10   -3
  14   -3
  18   -3
  22   -3
  26   -3
  30   -3
  -3   -3
  -7   -3
 -11   -3
 -15   -3
 -19   -3
 -23   -3
 -27   -3
 -31   -3
   3   -3
   7   -3
  11   -3
  15   -3
  19   -3
  23   -3
  27   -3
  31   -3
  -4   -3
  -8   -3
 -12   -3
 -16   -3
 -20   -3
 -24   -3
 -28   -3
 -32   -3
   0    3
   4    3
   8    3
  12    3
  16    3
  20    3
  24    3
  28    3
  -1    3
  -5    3
  -9    3
 -13    3
 -17    3
 -21    3
 -25    3
 -29    3
   1    3
   5    3
   9    3
  13    3
  17    3
  21    3
  25    3
  29    3
  -2    3
  -6    3
 -10    3
 -14    3
 -18    3
 -22    3
 -26    3
 -30    3
   2    3
   6    3
  10    3
  14    3
  18    3
  22    3
  26    3
  30    3
  -3    3
  -7    3
 -11    3
 -15    3
 -19    3
 -23    3
 -27    3
 -31    3
   3    3
   7    3
  11    3
  15    3
  19    3
  23    3
  27    3
  31    3
  -4    3
  -8    3
 -12    3
 -16    3
 -20    3
 -24    3
 -28    3
 -32    3
   0   -4
   4   -4
   8   -4
  12   -4
  16   -4
  20   -4
  24   -4
  28   -4
  -1   -4
  -5   -4
  -9   -4
 -13   -4
 -17   -4
 -21   -4
 -25   -4
 -29   -4
   1   -4
   5   -4
   9   -4
  13   -4
  17   -4
  21   -4
  25   -4
  29   -4
  -2   -4
  -6   -4
 -10   -4
 -14   -4
 -18   -4
 -22   -4
 -26   -4
 -30   -4
   2   -4
   6   -4
  10   -4
  14   -4
  18   -4
  22   -4
  26   -4
  30   -4
  -3   -4
  -7   -4
 -11   -4
 -15   -4
 -19   -4
 -23   -4
 -27   -4
 -31   -4
   3   -4
   7   -4
  11   -4
  15   -4
  19   -4
  23   -4
  27   -4
  31   -4
  -4   -4
  -8   -4
 -12   -4
 -16   -4
 -20   -4
 -24   -4
 -28   -4
 -32   -4
   0    4
   4    4
   8    4
  12    4
  16    4
  20    4
  24    4
  28    4
  -1    4
  -5    4
  -9    4
 -13    4
 -17    4
 -21    4
 -25    4
 -29    4
   1    4
   5    4
   9    4
  13    4
  17    4
  21    4
  25    4
  29    4
  -2    4
  -6    4
 -10    4
 -14    4
 -18    4
 -22    4
 -26    4
 -30    4
   2    4
   6    4
  10    4
  14    4
  18    4
  22    4
  26    4
  30    4
  -3    4
  -7    4
 -11    4
 -15    4
 -19    4
 -23    4
 -27    4
 -31    4
   3    4
   7    4
  11    4
  15    4
  19    4
  23    4
  27    4
  31    4
  -4    4
  -8    4
 -12    4
 -16    4
 -20    4
 -24    4
 -28    4
 -32    4
   0   -5
   4   -5
   8   -5
  12   -5
  16   -5
  20   -5
  24   -5
  28   -5
  -1   -5
  -5   -5
  -9   -5
 -13   -5
 -17   -5
 -21   -5
 -25   -5
 -29   -5
   1   -5
   5   -5
   9   -5
  13   -5
  17   -5
  21   -5
  25   -5
  29   -5
  -2   -5
  -6   -5
 -10   -5
 -14   -5
 -18   -5
 -22   -5
 -26   -5
 -30   -5
   2   -5
   6   -5
  10   -5
  14   -5
  18   -5
  22   -5
  26   -5
  30   -5
  -3   -5
  -7   -5
 -11   -5
 -15   -5
 -19   -5
 -23   -5
 -27   -5
 -31   -5
   3   -5
   7   -5
  11   -5
  15   -5
  19   -5
  23   -5
  27   -5
  31   -5
  -4   -5
  -8   -5
 -12   -5
 -16   -5
 -20   -5
 -24   -5
 -28   -5
 -32   -5
   0    5
   4    5
   8    5
  12    5
  16    5
  20    5
  24    5
  28    5
  -1    5
  -5    5
  -9    5
 -13    5
 -17    5
 -21    5
 -25    5
 -29    5
   1    5
   5    5
   9    5
  13    5
  17    5
  21    5
  25    5
  29    5
  -2    5
  -6    5
 -10    5
 -14    5
 -18    5
 -22    5
 -26    5
 -30    5
   2    5
   6    5
  10    5
  14    5
  18    5
  22    5
  26    5
  30    5
  -3    5
  -7    5
 -11    5
 -15    5
 -19    5
 -23    5
 -27    5
 -31    5
   3    5
   7    5
  11    5
  15    5
  19    5
  23    5
  27    5
  31    5
  -4    5
  -8    5
 -12    5
 -16    5
 -20    5
 -24    5
 -28    5
 -32    5
   0   -6
   4   -6
   8   -6
  12   -6
  16   -6
  20   -6
  24   -6
  28   -6
  -1   -6
  -5   -6
  -9   -6
 -13   -6
 -17   -6
 -21   -6
 -25   -6
 -29   -6
   1   -6
   5   -6
   9   -6
  13   -6
  17   -6
  21   -6
  25   -6
  29   -6
  -2   -6
  -6   -6
 -10   -6
 -14   -6
 -18   -6
 -22   -6
 -26   -6
 -30   -6
   2   -6
   6   -6
  10   -6
  14   -6
  18   -6
  22   -6
  26   -6
  30   -6
  -3   -6
  -7   -6
 -11   -6
 -15   -6
 -19   -6
 -23   -6
 -27   -6
 -31   -6
   3   -6
   7   -6
  11   -6
  15   -6
  19   -6
  23   -6
  27   -6
  31   -6
  -4   -6
  -8   -6
 -12   -6
 -16   -6
 -20   -6
 -24   -6
 -28   -6
 -32   -6
   0    6
   4    6
   8    6
  12    6
  16    6
  20    6
  24    6
  28    6
  -1    6
  -5    6
  -9    6
 -13    6
 -17    6
 -21    6
 -25    6
 -29    6
   1    6
   5    6
   9    6
  13    6
  17    6
  21    6
  25    6
  29    6
  -2    6
  -6    6
 -10    6
 -14    6
 -18    6
 -22    6
 -26    6
 -30    6
   2    6
   6    6
  10    6
  14    6
  18    6
  22    6
  26    6
  30    6
  -3    6
  -7    6
 -11    6
 -15    6
 -19    6
 -23    6
 -27    6
 -31    6
   3    6
   7    6
  11    6
  15    6
  19    6
  23    6
  27    6
  31    6
  -4    6
  -8    6
 -12    6
 -16    6
 -20    6
 -24    6
 -28    6
 -32    6
   0   -7
   4   -7
   8   -7
  12   -7
  16   -7
  20   -7
  24   -7
  28   -7
  -1   -7
  -5   -7
  -9   -7
 -13   -7
 -17   -7
 -21   -7
 -25   -7
 -29   -7
   1   -7
   5   -7
   9   -7
  13   -7
  17   -7
  21   -7
  25   -7
  29   -7
  -2   -7
  -6   -7
 -10   -7
 -14   -7
 -18   -7
 -22   -7
 -26   -7
 -30   -7
   2   -7
   6   -7
  10   -7
  14   -7
  18   -7
  22   -7
  26   -7
  30   -7
  -3   -7
  -7   -7
 -11   -7
 -15   -7
 -19   -7
 -23   -7
 -27   -7
 -31   -7
   3   -7
   7   -7
  11   -7
  15   -7
  19   -7
  23   -7
  27   -7
  31   -7
  -4   -7
  -8   -7
 -12   -7
 -16   -7
 -20   -7
 -24   -7
 -28   -7
 -32   -7
   0    7
   4    7
   8    7
  12    7
  16    7
  20    7
  24    7
  28    7
  -1    7
  -5    7
  -9    7
 -13    7
 -17    7
 -21    7
 -25    7
 -29    7
   1    7
   5    7
   9    7
  13    7
  17    7
  21    7
  25    7
  29    7
  -2    7
  -6    7
 -10    7
 -14    7
 -18    7
 -22    7
 -26    7
 -30    7
   2    7
   6    7
  10    7
  14    7
  18    7
  22    7
  26    7
  30    7
  -3    7
  -7    7
 -11    7
 -15    7
 -19    7
 -23    7
 -27    7
 -31    7
   3    7
   7    7
  11    7
  15    7
  19    7
  23    7
  27    7
  31    7
  -4    7
  -8    7
 -12    7
 -16    7
 -20    7
 -24    7
 -28    7
 -32    7
   0   -8
   4   -8
   8   -8
  12   -8
  16   -8
  20   -8
  24   -8
  28   -8
  -1   -8
  -5   -8
  -9   -8
 -13   -8
 -17   -8
 -21   -8
 -25   -8
 -29   -8
   1   -8
   5   -8
   9   -8
  13   -8
  17   -8
  21   -8
  25   -8
  29   -8
  -2   -8
  -6   -8
 -10   -8
 -14   -8
 -18   -8
 -22   -8
 -26   -8
 -30   -8
   2   -8
   6   -8
  10   -8
  14   -8
  18   -8
  22   -8
  26   -8
  30   -8
  -3   -8
  -7   -8
 -11   -8
 -15   -8
 -19   -8
 -23   -8
 -27   -8
 -31   -8
   3   -8
   7   -8
  11   -8
  15   -8
  19   -8
  23   -8
  27   -8
  31   -8
  -4   -8
  -8   -8
 -12   -8
 -16   -8
 -20   -8
 -24   -8
 -28   -8
 -32   -8
   0    8
   4    8
   8    8
  12    8
  16    8
  20    8
  24    8
  28    8
  -1    8
  -5    8
  -9    8
 -13    8
 -17    8
 -21    8
 -25    8
 -29    8
   1    8
   5    8
   9    8
  13    8
  17    8
  21    8
  25    8
  29    8
  -2    8
  -6    8
 -10    8
 -14    8
 -18    8
 -22    8
 -26    8
 -30    8
   2    8
   6    8
  10    8
  14    8
  18    8
  22    8
  26    8
  30    8
  -3    8
  -7    8
 -11    8
 -15    8
 -19    8
 -23    8
 -27    8
 -31    8
   3    8
   7    8
  11    8
  15    8
  19    8
  23    8
  27    8
  31    8
  -4    8
  -8    8
 -12    8
 -16    8
 -20    8
 -24    8
 -28    8
 -32    8
   0   -9
   4   -9
   8   -9
  12   -9
  16   -9
  20   -9
  24   -9
  28   -9
  -1   -9
  -5   -9
  -9   -9
 -13   -9
 -17   -9
 -21   -9
 -25   -9
 -29   -9
   1   -9
   5   -9
   9   -9
  13   -9
  17   -9
  21   -9
  25   -9
  29   -9
  -2   -9
  -6   -9
 -10   -9
 -14   -9
 -18   -9
 -22   -9
 -26   -9
 -30   -9
   2   -9
   6   -9
  10   -9
  14   -9
  18   -9
  22   -9
  26   -9
  30   -9
  -3   -9
  -7   -9
 -11   -9
 -15   -9
 -19   -9
 -23   -9
 -27   -9
 -31   -9
   3   -9
   7   -9
  11   -9
  15   -9
  19   -9
  23   -9
  27   -9
  31   -9
  -4   -9
  -8   -9
 -12   -9
 -16   -9
 -20   -9
 -24   -9
 -28   -9
 -32   -9
   0    9
   4    9
   8    9
  12    9
  16    9
  20    9
  24    9
  28    9
  -1    9
  -5    9
  -9    9
 -13    9
 -17    9
 -21    9
 -25    9
 -29    9
   1    9
   5    9
   9    9
  13    9
  17    9
  21    9
  25    9
  29    9
  -2    9
  -6    9
 -10    9
 -14    9
 -18    9
 -22    9
 -26    9
 -30    9
   2    9
   6    9
  10    9
  14    9
  18    9
  22    9
  26    9
  30    9
  -3    9
  -7    9
 -11    9
 -15    9
 -19    9
 -23    9
 -27    9
 -31    9
   3    9
   7    9
  11    9
  15    9
  19    9
  23    9
  27    9
  31    9
  -4    9
  -8    9
 -12    9
 -16    9
 -20    9
 -24    9
 -28    9
 -32    9
   0  -10
   4  -10
   8  -10
  12  -10
  16  -10
  20  -10
  24  -10
  28  -10
  -1  -10
  -5  -10
  -9  -10
 -13  -10
 -17  -10
 -21  -10
 -25  -10
 -29  -10
   1  -10
   5  -10
   9  -10
  13  -10
  17  -10
  21  -10
  25  -10
  29  -10
  -2  -10
  -6  -10
 -10  -10
 -14  -10
 -18  -10
 -22  -10
 -26  -10
 -30  -10
   2  -10
   6  -10
  10  -10
  14  -10
  18  -10
  22  -10
  26  -10
  30  -10
  -3  -10
  -7  -10
 -11  -10
 -15  -10
 -19  -10
 -23  -10
 -27  -10
 -31  -10
   3  -10
   7  -10
  11  -10
  15  -10
  19  -10
  23  -10
  27  -10
  31  -10
  -4  -10
  -8  -10
 -12  -10
 -16  -10
 -20  -10
 -24  -10
 -28  -10
 -32  -10
   0   10
   4   10
   8   10
  12   10
  16   10
  20   10
  24   10
  28   10
  -1   10
  -5   10
  -9   10
 -13   10
 -17   10
 -21   10
 -25   10
 -29   10
   1   10
   5   10
   9   10
  13   10
  17   10
  21   10
  25   10
  29   10
  -2   10
  -6   10
 -10   10
 -14   10
 -18   10
 -22   10
 -26   10
 -30   10
   2   10
   6   10
  10   10
  14   10
  18   10
  22   10
  26   10
  30   10
  -3   10
  -7   10
 -11   10
 -15   10
 -19   10
 -23   10
 -27   10
 -31   10
   3   10
   7   10
  11   10
  15   10
  19   10
  23   10
  27   10
  31   10
  -4   10
  -8   10
 -12   10
 -16   10
 -20   10
 -24   10
 -28   10
 -32   10
   0  -11
   4  -11
   8  -11
  12  -11
  16  -11
  20  -11
  24  -11
  28  -11
  -1  -11
  -5  -11
  -9  -11
 -13  -11
 -17  -11
 -21  -11
 -25  -11
 -29  -11
   1  -11
   5  -11
   9  -11
  13  -11
  17  -11
  21  -11
  25  -11
  29  -11
  -2  -11
  -6  -11
 -10  -11
 -14  -11
 -18  -11
 -22  -11
 -26  -11
 -30  -11
   2  -11
   6  -11
  10  -11
  14  -11
  18  -11
  22  -11
  26  -11
  30  -11
  -3  -11
  -7  -11
 -11  -11
 -15  -11
 -19  -11
 -23  -11
 -27  -11
 -31  -11
   3  -11
   7  -11
  11  -11
  15  -11
  19  -11
  23  -11
  27  -11
  31  -11
  -4  -11
  -8  -11
 -12  -11
 -16  -11
 -20  -11
 -24  -11
 -28  -11
 -32  -11
   0   11
   4   11
   8   11
  12   11
  16   11
  20   11
  24   11
  28   11
  -1   11
  -5   11
  -9   11
 -13   11
 -17   11
 -21   11
 -25   11
 -29   11
   1   11
   5   11
   9   11
  13   11
  17   11
  21   11
  25   11
  29   11
  -2   11
  -6   11
 -10   11
 -14   11
 -18   11
 -22   11
 -26   11
 -30   11
   2   11
   6   11
  10   11
  14   11
  18   11
  22   11
  26   11
  30   11
  -3   11
  -7   11
 -11   11
 -15   11
 -19   11
 -23   11
 -27   11
 -31   11
   3   11
   7   11
  11   11
  15   11
  19   11
  23   11
  27   11
  31   11
  -4   11
  -8   11
 -12   11
 -16   11
 -20   11
 -24   11
 -28   11
 -32   11
   0  -12
   4  -12
   8  -12
  12  -12
  16  -12
  20  -12
  24  -12
  28  -12
  -1  -12
  -5  -12
  -9  -12
 -13  -12
 -17  -12
 -21  -12
 -25  -12
 -29  -12
   1  -12
   5  -12
   9  -12
  13  -12
  17  -12
  21  -12
  25  -12
  29  -12
  -2  -12
  -6  -12
 -10  -12
 -14  -12
 -18  -12
 -22  -12
 -26  -12
 -30  -12
   2  -12
   6  -12
  10  -12
  14  -12
  18  -12
  22  -12
  26  -12
  30  -12
  -3  -12
  -7  -12
 -11  -12
 -15  -12
 -19  -12
 -23  -12
 -27  -12
 -31  -12
   3  -12
   7  -12
  11  -12
  15  -12
  19  -12
  23  -12
  27  -12
  31  -12
  -4  -12
  -8  -12
 -12  -12
 -16  -12
 -20  -12
 -24  -12
 -28  -12
 -32  -12
   0   12
   4   12
   8   12
  12   12
  16   12
  20   12
  24   12
  28   12
  -1   12
  -5   12
  -9   12
 -13   12
 -17   12
 -21   12
 -25   12
 -29   12
   1   12
   5   12
   9   12
  13   12
  17   12
  21   12
  25   12
  29   12
  -2   12
  -6   12
 -10   12
 -14   12
 -18   12
 -22   12
 -26   12
 -30   12
   2   12
   6   12
  10   12
  14   12
  18   12
  22   12
  26   12
  30   12
  -3   12
  -7   12
 -11   12
 -15   12
 -19   12
 -23   12
 -27   12
 -31   12
   3   12
   7   12
  11   12
  15   12
  19   12
  23   12
  27   12
  31   12
  -4   12
  -8   12
 -12   12
 -16   12
 -20   12
 -24   12
 -28   12
 -32   12
   0  -13
   4  -13
   8  -13
  12  -13
  16  -13
  20  -13
  24  -13
  28  -13
  -1  -13
  -5  -13
  -9  -13
 -13  -13
 -17  -13
 -21  -13
 -25  -13
 -29  -13
   1  -13
   5  -13
   9  -13
  13  -13
  17  -13
  21  -13
  25  -13
  29  -13
  -2  -13
  -6  -13
 -10  -13
 -14  -13
 -18  -13
 -22  -13
 -26  -13
 -30  -13
   2  -13
   6  -13
  10  -13
  14  -13
  18  -13
  22  -13
  26  -13
  30  -13
  -3  -13
  -7  -13
 -11  -13
 -15  -13
 -19  -13
 -23  -13
 -27  -13
 -31  -13
   3  -13
   7  -13
  11  -13
  15  -13
  19  -13
  23  -13
  27  -13
  31  -13
  -4  -13
  -8  -13
 -12  -13
 -16  -13
 -20  -13
 -24  -13
 -28  -13
 -32  -13
   0   13
   4   13
   8   13
  12   13
  16   13
  20   13
  24   13
  28   13
  -1   13
  -5   13
  -9   13
 -13   13
 -17   13
 -21   13
 -25   13
 -29   13
   1   13
   5   13
   9   13
  13   13
  17   13
  21   13
  25   13
  29   13
  -2   13
  -6   13
 -10   13
 -14   13
 -18   13
 -22   13
 -26   13
 -30   13
   2   13
   6   13
  10   13
  14   13
  18   13
  22   13
  26   13
  30   13
  -3   13
  -7   13
 -11   13
 -15   13
 -19   13
 -23   13
 -27   13
 -31   13
   3   13
   7   13
  11   13
  15   13
  19   13
  23   13
  27   13
  31   13
  -4   13
  -8   13
 -12   13
 -16   13
 -20   13
 -24   13
 -28   13
 -32   13
   0  -14
   4  -14
   8  -14
  12  -14
  16  -14
  20  -14
  24  -14
  28  -14
  -1  -14
  -5  -14
  -9  -14
 -13  -14
 -17  -14
 -21  -14
 -25  -14
 -29  -14
   1  -14
   5  -14
   9  -14
  13  -14
  17  -14
  21  -14
  25  -14
  29  -14
  -2  -14
  -6  -14
 -10  -14
 -14  -14
 -18  -14
 -22  -14
 -26  -14
 -30  -14
   2  -14
   6  -14
  10  -14
  14  -14
  18  -14
  22  -14
  26  -14
  30  -14
  -3  -14
  -7  -14
 -11  -14
 -15  -14
 -19  -14
 -23  -14
 -27  -14
 -31  -14
   3  -14
   7  -14
  11  -14
  15  -14
  19  -14
  23  -14
  27  -14
  31  -14
  -4  -14
  -8  -14
 -12  -14
 -16  -14
 -20  -14
 -24  -14
 -28  -14
 -32  -14
   0   14
   4   14
   8   14
  12   14
  16   14
  20   14
  24   14
  28   14
  -1   14
  -5   14
  -9   14
 -13   14
 -17   14
 -21   14
 -25   14
 -29   14
   1   14
   5   14
   9   14
  13   14
  17   14
  21   14
  25   14
  29   14
  -2   14
  -6   14
 -10   14
 -14   14
 -18   14
 -22   14
 -26   14
 -30   14
   2   14
   6   14
  10   14
  14   14
  18   14
  22   14
  26   14
  30   14
  -3   14
  -7   14
 -11   14
 -15   14
 -19   14
 -23   14
 -27   14
 -31   14
   3   14
   7   14
  11   14
  15   14
  19   14
  23   14
  27   14
  31   14
  -4   14
  -8   14
 -12   14
 -16   14
 -20   14
 -24   14
 -28   14
 -32   14
   0  -15
   4  -15
   8  -15
  12  -15
  16  -15
  20  -15
  24  -15
  28  -15
  -1  -15
  -5  -15
  -9  -15
 -13  -15
 -17  -15
 -21  -15
 -25  -15
 -29  -15
   1  -15
   5  -15
   9  -15
  13  -15
  17  -15
  21  -15
  25  -15
  29  -15
  -2  -15
  -6  -15
 -10  -15
 -14  -15
 -18  -15
 -22  -15
 -26  -15
 -30  -15
   2  -15
   6  -15
  10  -15
  14  -15
  18  -15
  22  -15
  26  -15
  30  -15
  -3  -15
  -7  -15
 -11  -15
 -15  -15
 -19  -15
 -23  -15
 -27  -15
 -31  -15
   3  -15
   7  -15
  11  -15
  15  -15
  19  -15
  23  -15
  27  -15
  31  -15
  -4  -15
  -8  -15
 -12  -15
 -16  -15
 -20  -15
 -24  -15
 -28  -15
 -32  -15
   0   15
   4   15
   8   15
  12   15
  16   15
  20   15
  24   15
  28   15
  -1   15
  -5   15
  -9   15
 -13   15
 -17   15
 -21   15
 -25   15
 -29   15
   1   15
   5   15
   9   15
  13   15
  17   15
  21   15
  25   15
  29   15
  -2   15
  -6   15
 -10   15
 -14   15
 -18   15
 -22   15
 -26   15
 -30   15
   2   15
   6   15
  10   15
  14   15
  18   15
  22   15
  26   15
  30   15
  -3   15
  -7   15
 -11   15
 -15   15
 -19   15
 -23   15
 -27   15
 -31   15
   3   15
   7   15
  11   15
  15   15
  19   15
  23   15
  27   15
  31   15
  -4   15
  -8   15
 -12   15
 -16   15
 -20   15
 -24   15
 -28   15
 -32   15
   0  -16
   4  -16
   8  -16
  12  -16
  16  -16
  20  -16
  24  -16
  28  -16
  -1  -16
  -5  -16
  -9  -16
 -13  -16
 -17  -16
 -21  -16
 -25  -16
 -29  -16
   1  -16
   5  -16
   9  -16
  13  -16
  17  -16
  21  -16
  25  -16
  29  -16
  -2  -16
  -6  -16
 -10  -16
 -14  -16
 -18  -16
 -22  -16
 -26  -16
 -30  -16
   2  -16
   6  -16
  10  -16
  14  -16
  18  -16
  22  -16
  26  -16
  30  -16
  -3  -16
  -7  -16
 -11  -16
 -15  -16
 -19  -16
 -23  -16
 -27  -16
 -31  -16
   3  -16
   7  -16
  11  -16
  15  -16
  19  -16
  23  -16
  27  -16
  31  -16
  -4  -16
  -8  -16
 -12  -16
 -16  -16
 -20  -16
 -24  -16
 -28  -16
 -32  -16
