# First row: index of dimension 2; Second row: index of dimension 3
CS_EncMatrix 64 32
CS_ACT_EncMatrix 64 32
PVM_RareFactor 8
   0    0
   9   -1
  10   -8
  10   12
 -11   15
  -2   22
 -15   21
 -14   26
   0   -1
  -9    1
 -10    8
  -7  -14
  11   15
   2   22
  15   21
  14   26
  -1    0
   9    1
  10    8
   7  -14
  -5  -18
  -7  -21
 -12  -23
 -12  -27
   1    0
  -1    9
  -8   10
 -14   -7
   5  -18
   7  -21
  12  -23
  12  -27
   0    1
   1    9
   8   10
  14   -7
  -5   18
  -7   21
 -12   23
 -12   27
  -1   -1
  -2   -9
   0  -13
 -14    7
   5   18
   7   21
  12   23
  12   27
   1   -1
   2   -9
  -5  -12
  14    7
  -8  -17
  -3  -22
  -7  -25
  -6  -29
  -1    1
  -6   -7
   5  -12
  -7   14
   8  -17
   3  -22
   7  -25
   6  -29
   1    1
   6   -7
 -12   -5
   7   14
  -8   17
 -13  -18
  -7   25
  -6   29
   0   -2
  -7   -6
  12   -5
  -5  -15
   8   17
  13  -18
   7   25
   6   29
  -2    0
   7   -6
 -13    0
   5  -15
 -10  -16
 -13   18
   0  -26
 -16  -25
   2    0
  -9   -2
  13    0
  -9  -13
  10  -16
  13   18
 -10  -24
 -16   25
   0    2
   9   -2
 -12    5
   9  -13
 -16  -10
  -3   22
  10  -24
 -10  -28
  -1   -2
  -9    2
  12    5
 -13   -9
 -16   10
   3   22
 -10   24
  10  -28
   1   -2
   9    2
  -5   12
  13   -9
 -10   16
  -4  -22
  10   24
 -10   28
  -2   -1
  -7    6
   5   12
 -15   -5
  10   16
   4  -22
   0   26
  10   28
   2   -1
   7    6
   0   13
  15   -5
  -6  -18
 -10  -20
  -1  -26
  -7  -29
  -2    1
  -6    7
  -1  -13
 -15    5
   6  -18
  10  -20
   1  -26
   7  -29
   2    1
   6    7
   1  -13
  15    5
  -6   18
 -10   20
  -1   26
  -7   29
  -1    2
  -2    9
  -7  -11
 -13    9
   6   18
  10   20
   1   26
   7   29
   1    2
   2    9
   7  -11
  13    9
   0  -19
  -4   22
  -2  -26
 -13  -27
  -2   -2
  -5   -8
 -11   -7
  -9   13
   0   19
   4   22
   2  -26
  13  -27
   2   -2
   5   -8
  11   -7
   9   13
  -1  -19
  -8  -21
 -14  -22
 -13   27
  -2    2
  -8   -5
 -13   -1
  -5   15
   1  -19
   8  -21
  14  -22
  13   27
   2    2
   8   -5
  13   -1
   5   15
  -1   19
 -12  -19
 -14   22
   0  -30
   0   -3
  -8    5
 -13    1
   0  -16
   1   19
  12  -19
  14   22
   0   30
  -3    0
   8    5
  13    1
 -16    0
  -2  -19
 -12   19
  -2   26
  -1  -30
   3    0
  -5    8
 -11    7
   0   16
   2  -19
  12   19
   2   26
   1  -30
   0    3
   5    8
  11    7
  -1  -16
 -13  -14
  -8   21
  -3  -26
 -15  -26
  -1   -3
  -3   -9
  -7   11
   1  -16
  13  -14
   8   21
   3  -26
  15  -26
   1   -3
   3   -9
   7   11
 -16   -1
 -14  -13
  -5  -22
  -3   26
 -15   26
  -3   -1
  -9   -3
  -1   13
 -16    1
  14  -13
   5  -22
   3   26
  15   26
   3   -1
   9   -3
   1   13
  -1   16
 -14   13
  -5   22
  -8  -25
  -1   30
  -3    1
  -9    3
  -2  -13
   1   16
  14   13
   5   22
   8  -25
   1   30
   3    1
   9    3
   2  -13
  -2  -16
 -13   14
 -16  -16
  -8   25
  -2  -30
  -1    3
  -3    9
 -13   -2
   2  -16
  13   14
 -16   16
   8   25
   2  -30
   1    3
   3    9
  13   -2
  -8  -14
  -2   19
 -15  -17
  -4  -26
  -2   30
  -2   -3
  -4   -9
 -13    2
   8  -14
   2   19
  15  -17
   4  -26
   2   30
   2   -3
   4   -9
  13    2
 -14   -8
 -12  -15
 -15   17
  -4   26
  -8  -29
  -3   -2
  -9   -4
  -2   13
  14   -8
  12  -15
  15   17
   4   26
   8  -29
   3   -2
   9   -4
   2   13
 -16   -2
 -15  -12
  -6  -22
 -11  -24
 -11  -28
  -3    2
  -9    4
  -3  -13
 -16    2
  15  -12
   6  -22
  11  -24
  11  -28
   3    2
   9    4
   3  -13
 -14    8
 -15   12
 -14  -18
 -16  -21
 -11   28
  -2    3
  -4    9
 -13   -3
  14    8
  15   12
  14  -18
 -16   21
  11   28
   2    3
   4    9
  13   -3
  -8   14
 -12   15
 -14   18
 -11   24
  -8   29
   0   -4
  -7   -7
 -13    3
   8   14
  12   15
  14   18
  11   24
   8   29
  -4    0
   7   -7
  13    3
  -2   16
  -3  -19
  -6   22
 -13  -23
  -3  -30
   4    0
  -7    7
  -3   13
   2   16
   3  -19
   6   22
  13  -23
   3  -30
   0    4
   7    7
   3   13
  -6  -15
  -9  -17
 -11  -20
 -13   23
  -3   30
  -1   -4
   0  -10
  -6  -12
   6  -15
   9  -17
  11  -20
  13   23
   3   30
   1   -4
  -6   -8
   6  -12
 -15   -6
  -9   17
 -11   20
  -5  -26
  -4  -30
  -4   -1
   6   -8
 -12   -6
  15   -6
   9   17
  11   20
   5  -26
   4  -30
   4   -1
  -8   -6
  12   -6
 -15    6
  -3   19
  -9  -21
  -5   26
  -4   30
  -4    1
   8   -6
 -12    6
  15    6
   3   19
   9  -21
   5   26
   4   30
   4    1
 -10    0
  12    6
  -6   15
  -7  -18
  -9   21
  -9  -25
  -9  -29
  -1    4
  10    0
  -6   12
   6   15
   7  -18
   9   21
   9  -25
   9  -29
   1    4
  -8    6
   6   12
  -3  -16
  -7   18
   0  -23
  -9   25
  -9   29
  -3   -3
   8    6
  -9  -10
   3  -16
   7   18
   0   23
   9   25
   9   29
   3   -3
  -6    8
   9  -10
 -11  -12
  -4  -19
  -1  -23
 -15  -22
  -5  -30
  -3    3
   6    8
 -10   -9
  11  -12
   4  -19
   1  -23
  15  -22
   5  -30
   3    3
   0   10
  10   -9
 -12  -11
 -11  -16
 -13  -19
 -15   22
 -14  -27
  -2   -4
  -1  -10
 -10    9
  12  -11
  11  -16
  13  -19
  15   22
  14  -27
   2   -4
   1  -10
  10    9
 -16   -3
 -16  -11
 -13   19
  -6  -26
 -14   27
  -4   -2
 -10   -1
  -9   10
 -16    3
 -16   11
  13   19
   6  -26
  14   27
   4   -2
  10   -1
   9   10
 -12   11
 -11   16
  -1   23
  -6   26
  -5   30
  -4    2
 -10    1
  -4  -13
  12   11
  11   16
   1   23
   6   26
   5   30
   4    2
  10    1
   4  -13
 -11   12
  -4   19
  -2  -23
 -12  -24
 -12  -28
  -2    4
  -1   10
  -8  -11
  11   12
   4   19
   2  -23
  12  -24
  12  -28
   2    4
   1   10
   8  -11
  -3   16
  -5  -19
  -7  -22
 -12   24
 -12   28
   0   -5
  -2  -10
 -11   -8
   3   16
   5  -19
   7  -22
  12   24
  12   28
  -3   -4
   2  -10
  11   -8
 -10  -13
  -5   19
  -7   22
  -7  -26
 -16  -26
   3   -4
 -10   -2
 -13   -4
  10  -13
   5   19
   7   22
   7  -26
 -16   26
  -4   -3
  10   -2
  13   -4
 -13  -10
  -8  -18
  -2   23
 -10  -25
  -6  -30
   4   -3
 -10    2
 -13    4
  13  -10
   8  -18
   2   23
  10  -25
   6  -30
  -5    0
  10    2
  13    4
 -13   10
  -8   18
  -3  -23
 -14  -23
  -6   30
   5    0
  -2   10
 -11    8
  13   10
   8   18
   3  -23
  14  -23
   6   30
  -4    3
   2   10
  11    8
 -10   13
 -10  -17
  -3   23
 -14   23
 -10  -29
   4    3
  -5   -9
  -8   11
  10   13
  10  -17
   3   23
  14   23
  10  -29
  -3    4
   5   -9
   8   11
  -4  -16
 -10   17
 -10  -21
 -10   25
 -10   29
   3    4
  -9   -5
  -4   13
   4  -16
  10   17
  10  -21
  10   25
  10   29
   0    5
   9   -5
   4   13
 -16   -4
 -14  -14
 -10   21
  -7   26
  -7  -30
  -1   -5
  -9    5
  -7  -12
 -16    4
  14  -14
  10   21
   7   26
   7  -30
   1   -5
   9    5
   7  -12
  -4   16
 -14   14
 -12  -20
   0  -27
  -7   30
  -5   -1
  -5    9
 -12   -7
   4   16
  14   14
  12  -20
   0   27
   7   30
   5   -1
   5    9
  12   -7
  -7  -15
 -13  -15
 -12   20
  -1  -27
 -13  -28
  -5    1
  -3  -10
 -12    7
   7  -15
  13  -15
  12   20
   1  -27
  13  -28
   5    1
   3  -10
  12    7
 -15   -7
 -15  -13
  -4  -23
  -1   27
 -13   28
  -1    5
 -10   -3
  -7   12
  15   -7
  15  -13
   4  -23
   1   27
  13   28
   1    5
  10   -3
   7   12
 -15    7
 -15   13
 -16  -17
  -2  -27
 -15  -27
  -2   -5
 -10    3
  -5  -13
  15    7
  15   13
 -16   17
   2  -27
  15  -27
   2   -5
  10    3
   5  -13
  -7   15
 -13   15
  -4   23
  -2   27
 -15   27
  -5   -2
  -3   10
 -13   -5
   7   15
  13   15
   4   23
   2   27
  15   27
   5   -2
   3   10
  13   -5
  -9  -14
  -6  -19
  -8  -22
  -3  -27
   0  -31
  -5    2
  -7   -8
 -13    5
   9  -14
   6  -19
   8  -22
   3  -27
   0   31
   5    2
   7   -8
  13    5
 -14   -9
  -6   19
  -8   22
  -3   27
  -1  -31
  -2    5
  -8   -7
  -5   13
  14   -9
   6   19
   8   22
   3   27
   1  -31
   2    5
   8   -7
   5   13
 -14    9
   0  -20
 -15  -18
  -8  -26
 -11  -29
  -4   -4
  -8    7
   0  -14
  14    9
 -12  -16
  15  -18
   8  -26
  11  -29
   4   -4
   8    7
 -14    0
  -9   14
  12  -16
 -15   18
 -16  -22
 -11   29
  -4    4
  -7    8
  14    0
   9   14
 -16  -12
  15   18
 -16   22
  11   29
   4    4
   7    8
   0   14
  -5  -16
 -16   12
  -5  -23
  -8   26
  -1   31
  -3   -5
  -4  -10
  -1  -14
   5  -16
 -12   16
   5  -23
   8   26
   1   31
   3   -5
   4  -10
   1  -14
 -16   -5
  12   16
  -5   23
  -4  -27
  -8  -30
  -5   -3
 -10   -4
 -14   -1
 -16    5
   0   20
   5   23
   4  -27
   8  -30
   5   -3
  10   -4
  14   -1
  -5   16
  -1  -20
 -14  -19
 -13  -24
  -8   30
  -5    3
 -10    4
 -14    1
   5   16
   1  -20
  14  -19
  13  -24
   8   30
   5    3
  10    4
  14    1
 -12  -12
  -1   20
 -14   19
 -13   24
  -2  -31
  -3    5
  -4   10
  -1   14
  12  -12
   1   20
  14   19
  13   24
   2  -31
   3    5
   4   10
   1   14
 -12   12
  -2  -20
 -11  -21
  -4   27
  -2   31
   0   -6
  -6   -9
  -2  -14
  12   12
   2  -20
  11  -21
   4   27
   2   31
  -6    0
   6   -9
   2  -14
   0  -17
  -2   20
 -11   21
 -11  -25
  -3  -31
   6    0
  -9   -6
 -10  -10
  -8  -15
   2   20
  11   21
  11  -25
   3  -31
   0    6
   9   -6
  10  -10
   8  -15
  -9  -18
  -6  -23
 -11   25
  -3   31
  -1   -6
  -9    6
 -14   -2
 -15   -8
   9  -18
   6  -23
  11   25
   3   31
   1   -6
   9    6
  14   -2
  15   -8
  -9   18
  -9  -22
  -5  -27
  -4  -31
  -6   -1
  -6    9
 -14    2
 -15    8
   9   18
   9  -22
   5  -27
   4  -31
   6   -1
   6    9
  14    2
  15    8
  -3  -20
  -9   22
 -15  -23
  -4   31
  -6    1
   0  -11
 -10   10
  -8   15
   3  -20
   9   22
  15  -23
   4   31
   6    1
 -11    0
  10   10
   8   15
  -3   20
  -6   23
 -15   23
 -14  -28
  -1    6
  11    0
  -2   14
   0   17
   3   20
   6   23
  15   23
  14  -28
   1    6
   0   11
   2   14
  -1  -17
  -7  -19
 -13  -20
  -5   27
 -14   28
  -2   -6
  -1  -11
  -9  -11
   1  -17
   7  -19
  13  -20
   5   27
  14   28
   2   -6
   1  -11
   9  -11
 -11  -13
 -11  -17
 -13   20
  -9  -26
  -9  -30
  -6   -2
 -11   -1
 -11   -9
  11  -13
  11  -17
  13   20
   9  -26
   9  -30
   6   -2
  11   -1
  11   -9
 -13  -11
 -11   17
   0  -24
  -9   26
  -9   30
  -6    2
 -11    1
 -11    9
  13  -11
  11   17
   0   24
   9   26
   9   30
   6    2
  11    1
  11    9
 -13   11
  -7   19
  -1  -24
  -6  -27
 -12  -29
  -2    6
  -1   11
  -9   11
  13   11
   7   19
   1  -24
   6  -27
  12  -29
   2    6
   1   11
   9   11
 -11   13
  -4  -20
  -1   24
  -6   27
 -16  -27
  -4   -5
  -2  -11
  -3  -14
  11   13
   4  -20
   1   24
   6   27
 -16   27
   4   -5
   2  -11
   3  -14
  -1   17
  -4   20
  -7  -23
 -12  -25
 -12   29
  -5   -4
  -5  -10
  -6  -13
   1   17
   4   20
   7  -23
  12  -25
  12   29
   5   -4
   5  -10
   6  -13
  -6  -16
 -14  -15
  -7   23
 -12   25
  -5  -31
  -5    4
 -10   -5
 -13   -6
   6  -16
  14  -15
   7   23
  12   25
   5  -31
   5    4
  10   -5
  13   -6
 -16   -6
 -15  -14
  -2  -24
 -14  -24
  -5   31
  -4    5
 -11   -2
 -14   -3
 -16    6
  15  -14
   2  -24
  14  -24
   5   31
   4    5
  11   -2
  14   -3
  -6   16
 -15   14
 -16  -18
 -14   24
  -6  -31
  -3   -6
 -11    2
 -14    3
   6   16
  15   14
 -16   18
  14   24
   6  -31
   3   -6
  11    2
  14    3
  -2  -17
 -14   15
  -2   24
 -10  -26
  -6   31
  -6   -3
 -10    5
 -13    6
   2  -17
  14   15
   2   24
  10  -26
   6   31
   6   -3
  10    5
  13    6
  -2   17
 -10  -18
 -10  -22
 -10   26
 -10  -30
  -6    3
  -5   10
  -6   13
   2   17
  10  -18
  10  -22
  10   26
  10  -30
   6    3
   5   10
   6   13
 -10  -14
 -10   18
 -10   22
  -7  -27
 -10   30
  -3    6
  -2   11
  -3   14
  10  -14
  10   18
  10   22
   7  -27
  10   30
   3    6
   2   11
   3   14
 -14  -10
  -5  -20
  -3  -24
  -7   27
 -15  -28
   0   -7
  -8   -8
  -8  -12
  14  -10
   5  -20
   3  -24
   7   27
  15  -28
  -7    0
   8   -8
   8  -12
 -14   10
  -8  -19
 -12  -21
   0  -28
 -15   28
   7    0
  -8    8
 -12   -8
  14   10
   8  -19
  12  -21
   0   28
  15   28
   0    7
   8    8
  12   -8
 -10   14
 -13  -16
 -12   21
  -1  -28
  -7  -31
  -1   -7
  -3  -11
 -12    8
  10   14
  13  -16
  12   21
   1  -28
   7  -31
   1   -7
   3  -11
  12    8
  -3  -17
 -16  -13
  -3   24
 -16  -23
 -13  -29
  -5   -5
  -7   -9
  -8   12
   3  -17
 -16   13
   3   24
 -16   23
  13  -29
   5   -5
   7   -9
   8   12
  -3   17
 -13   16
 -15  -19
  -1   28
 -13   29
  -7   -1
  -9   -7
  -4  -14
   3   17
  13   16
  15  -19
   1   28
  13   29
   7   -1
   9   -7
   4  -14
  -4  -17
  -8   19
 -15   19
  -2  -28
  -7   31
  -7    1
 -11   -3
 -14   -4
   4  -17
   8   19
  15   19
   2  -28
   7   31
   7    1
  11   -3
  14   -4
  -7  -16
  -5   20
  -4  -24
  -2   28
 -11  -30
  -5    5
 -11    3
 -14    4
   7  -16
   5   20
   4  -24
   2   28
  11  -30
   5    5
  11    3
  14    4
 -16   -7
 -12  -17
  -4   24
  -3  -28
 -11   30
  -1    7
  -9    7
  -4   14
 -16    7
  12  -17
   4   24
   3  -28
  11   30
   1    7
   9    7
   4   14
  -7   16
 -12   17
  -8  -23
  -8  -27
   0  -32
  -4   -6
  -7    9
  -7  -13
   7   16
  12   17
   8  -23
   8  -27
  -1  -32
   4   -6
   7    9
   7  -13
  -4   17
  -6  -20
  -8   23
  -8   27
   1  -32
  -6   -4
  -3   11
 -13   -7
   4   17
   6  -20
   8   23
   8   27
  -8  -31
   6   -4
   3   11
  13   -7
  -9  -15
  -6   20
 -14  -20
  -3   28
   8  -31
  -6    4
  -6  -10
 -13    7
   9  -15
   6   20
  14  -20
   3   28
  -8   31
   6    4
   6  -10
  13    7
 -15   -9
   0  -21
 -14   20
 -13  -25
   8   31
  -4    6
 -10   -6
  -7   13
  15   -9
   0   21
  14   20
  13  -25
  -2  -32
   4    6
  10   -6
   7   13
 -15    9
  -1  -21
  -5  -24
 -13   25
   2  -32
  -2   -7
 -10    6
  -5  -14
  15    9
   1  -21
   5  -24
  13   25
  -3  -32
   2   -7
  10    6
   5  -14
  -9   15
  -9  -19
  -5   24
 -11  -26
   3  -32
  -7   -2
  -6   10
 -10  -11
   9   15
   9  -19
   5   24
  11  -26
 -14  -29
   7   -2
   6   10
  10  -11
 -12  -13
  -9   19
 -11  -22
 -11   26
  14  -29
  -7    2
  -4  -11
 -11  -10
  12  -13
   9   19
  11  -22
  11   26
 -14   29
   7    2
   4  -11
  11  -10
 -13  -12
  -1   21
 -11   22
  -4  -28
  14   29
  -2    7
 -11   -4
 -14   -5
  13  -12
   1   21
  11   22
   4  -28
  -4  -32
   2    7
  11   -4
  14   -5
 -13   12
  -2  -21
  -9  -23
  -4   28
   4  -32
  -3   -7
 -11    4
 -14    5
  13   12
   2  -21
   9  -23
   4   28
 -16  -28
   3   -7
  11    4
  14    5
 -12   13
 -11  -18
 -13  -21
 -15  -24
 -16   28
  -7   -3
  -4   11
 -11   10
  12   13
  11  -18
  13  -21
  15  -24
  -9  -31
   7   -3
   4   11
  11   10
  -5  -17
 -11   18
 -13   21
 -15   24
   9  -31
  -7    3
   0  -12
 -10   11
   5  -17
  11   18
  13   21
  15   24
  -9   31
   7    3
 -12    0
  10   11
  -5   17
  -2   21
  -9   23
  -5  -28
   9   31
  -3    7
  12    0
  -5   14
   5   17
   2   21
   9   23
   5  -28
 -12  -30
   3    7
   0   12
   5   14
 -11  -14
  -7  -20
  -6  -24
  -5   28
  12  -30
  -5   -6
  -1  -12
   0  -15
  11  -14
   7  -20
   6  -24
   5   28
 -12   30
   5   -6
   1  -12
  -9  -12
 -14  -11
  -7   20
  -6   24
  -9  -27
  12   30
  -6   -5
  -8   -9
   9  -12
  14  -11
   7   20
   6   24
   9  -27
  -5  -32
   6   -5
   8   -9
 -12   -9
 -14   11
  -3  -21
 -16  -19
  -9   27
   5  -32
  -6    5
  -9   -8
  12   -9
  14   11
   3  -21
 -16   19
   9   27
  -6  -32
   6    5
   9   -8
 -15    0
 -11   14
 -15  -15
   0  -25
  -6  -28
   6  -32
  -5    6
 -12   -1
  15    0
  11   14
  15  -15
  -7  -24
   6  -28
 -10  -31
   5    6
  12   -1
 -12    9
  -8  -16
 -15   15
   7  -24
 -12  -26
  10  -31
   0   -8
 -12    1
  12    9
   8  -16
  15   15
 -15  -20
  12  -26
 -10   31
  -8    0
  12    1
  -9   12
 -16   -8
  -3   21
  15  -20
 -12   26
  10   31
   8    0
  -9    8
   9   12
 -16    8
   3   21
 -15   20
  12   26
 -15  -29
   0    8
   9    8
   0   15
  -8   16
 -14  -16
  15   20
  -6   28
  15  -29
  -1   -8
  -8    9
  -1  -15
   8   16
  14  -16
  -7   24
   6   28
 -15   29
   1   -8
   8    9
   1  -15
   0  -18
 -16  -14
   7   24
 -14  -25
  15   29
  -4   -7
  -1   12
 -15   -1
   0   18
 -16   14
   0   25
  14  -25
 -13  -30
   4   -7
   1   12
  15   -1
  -1  -18
 -14   16
  -1  -25
 -14   25
  13  -30
  -7   -4
  -5  -11
 -15    1
   1  -18
  14   16
   1  -25
  14   25
 -13   30
   7   -4
   5  -11
  15    1
  -6  -17
  -4  -21
  -1   25
 -10  -27
  13   30
  -8   -1
 -11   -5
  -1   15
   6  -17
   4  -21
   1   25
  10  -27
  -7  -32
   8   -1
  11   -5
   1   15
 -10  -15
  -4   21
 -12  -22
 -10   27
   7  -32
  -8    1
 -11    5
  -2  -15
  10  -15
   4   21
  12  -22
  10   27
 -11  -31
   8    1
  11    5
   2  -15
 -15  -10
 -13  -17
 -12   22
 -16  -24
  11  -31
  -7    4
  -5   11
 -15   -2
  15  -10
  13  -17
  12   22
 -16   24
 -11   31
   7    4
   5   11
  15   -2
 -15   10
 -13   17
  -2  -25
  -7  -28
  11   31
  -4    7
  -2  -12
 -15    2
  15   10
  13   17
   2  -25
   7  -28
  -8  -32
   4    7
   2  -12
  15    2
 -10   15
 -10  -19
 -10  -23
  -7   28
   8  -32
  -1    8
 -12   -2
  -2   15
  10   15
  10  -19
  10  -23
   7   28
 -14  -30
   1    8
  12   -2
   2   15
  -6   17
 -10   19
 -10   23
   0  -29
  14  -30
  -2   -8
 -12    2
  -6  -14
   6   17
  10   19
  10   23
   0   29
 -14   30
   2   -8
  12    2
   6  -14
  -1   18
  -8  -20
  -2   25
  -1  -29
  14   30
  -8   -2
  -2   12
 -14   -6
   1   18
   8  -20
   2   25
   1  -29
 -16  -29
   8   -2
   2   12
  14   -6
  -2  -18
  -8   20
  -3  -25
  -1   29
 -16   29
  -8    2
  -7  -10
 -14    6
   2  -18
   8   20
   3  -25
   1   29
  -9  -32
   8    2
   7  -10
  14    6
  -2   18
  -5  -21
  -3   25
  -2  -29
   9  -32
  -2    8
 -10   -7
  -6   14
   2   18
   5  -21
   3   25
   2  -29
 -12  -31
   2    8
  10   -7
   6   14
  -3  -18
  -5   21
 -14  -21
 -13  -26
  12  -31
  -6   -6
 -10    7
  -8  -13
   3  -18
   5   21
  14  -21
  13  -26
 -12   31
   6   -6
  10    7
   8  -13
  -3   18
 -12  -18
 -14   21
 -13   26
  12   31
  -6    6
  -7   10
 -13   -8
   3   18
  12  -18
  14   21
  13   26
 -10  -32
   6    6
   7   10
  13   -8
  -9  -16
 -12   18
  -8  -24
  -2   29
  10  -32
  -3   -8
  -3  -12
 -13    8
   9  -16
  12   18
   8  -24
   2   29
 -15  -30
   3   -8
   3  -12
  13    8
 -16   -9
  -6  -21
  -8   24
  -8  -28
  15  -30
  -8   -3
 -12   -3
  -8   13
 -16    9
   6  -21
   8   24
   8  -28
 -15   30
   8   -3
  12   -3
   8   13
  -9   16
  -6   21
  -4  -25
  -8   28
  15   30
  -8    3
 -12    3
  -3  -15
   9   16
   6   21
   4  -25
   8   28
 -13  -31
   8    3
  12    3
   3  -15
  -7  -17
  -9  -20
  -4   25
  -3  -29
  13  -31
  -3    8
  -3   12
 -15   -3
   7  -17
   9  -20
   4   25
   3  -29
 -13   31
   3    8
   3   12
  15   -3
 -13  -13
 -15  -16
  -5  -25
 -11  -27
  13   31
  -5   -7
  -6  -11
 -15    3
  13  -13
  15  -16
   5  -25
  11  -27
 -11  -32
   5   -7
   6  -11
  15    3
 -13   13
 -16  -15
 -11  -23
 -15  -25
  11  -32
  -7   -5
 -11   -6
  -3   15
  13   13
 -16   15
  11  -23
  15  -25
 -16  -30
   7   -5
  11   -6
   3   15
  -7   17
 -15   16
 -11   23
 -15   25
 -16   30
  -7    5
 -11    6
  -4  -15
   7   17
  15   16
  11   23
  15   25
 -14  -31
   7    5
  11    6
   4  -15
  -4  -18
  -9   20
  -5   25
 -11   27
  14  -31
  -5    7
  -6   11
 -15   -4
   4  -18
   9   20
   5   25
  11   27
 -14   31
   5    7
   6   11
  15   -4
 -12  -14
 -11  -19
 -13  -22
  -3   29
  14   31
  -4   -8
  -4  -12
 -15    4
  12  -14
  11  -19
  13  -22
   3   29
 -12  -32
   4   -8
   4  -12
  15    4
 -14  -12
 -11   19
 -13   22
  -4  -29
  12  -32
  -8   -4
 -12   -4
  -4   15
  14  -12
  11   19
  13   22
   4  -29
 -15  -31
   8   -4
  12   -4
   4   15
 -14   12
   0  -22
 -16  -20
  -4   29
  15  -31
  -8    4
 -12    4
 -11  -11
  14   12
   0   22
 -16   20
   4   29
 -15   31
   8    4
  12    4
  11  -11
 -12   14
  -1  -22
  -9  -24
  -9  -28
  15   31
  -4    8
  -4   12
 -11   11
  12   14
   1  -22
   9  -24
   9  -28
 -13  -32
   4    8
   4   12
  11   11
  -4   18
 -14  -17
  -9   24
  -9   28
  13  -32
   0   -9
  -9   -9
 -10  -12
   4   18
  14  -17
   9   24
   9   28
 -16  -31
  -9    0
   9   -9
  10  -12
 -11  -15
 -14   17
  -6  -25
  -5  -29
 -16   31
   9    0
  -9    9
 -12  -10
  11  -15
  14   17
   6  -25
   5  -29
 -14  -32
   0    9
   9    9
  12  -10
 -15  -11
  -1   22
  -6   25
  -5   29
  14  -32
  -1   -9
  -8  -10
 -12   10
  15  -11
   1   22
   6   25
   5   29
 -15  -32
   1   -9
   8  -10
  12   10
 -15   11
  -2  -22
 -15  -21
 -14  -26
  15  -32
  -9   -1
 -10   -8
 -10   12
  15   11
   2  -22
  15  -21
  14  -26
 -16  -32
