# First row: index of dimension 2; Second row: index of dimension 3
CS_EncMatrix 64 8
CS_ACT_EncMatrix 64 64
PVM_RareFactor 8
   0    0
  -5   -2
  -2   -8
   1   11
   2  -14
 -13  -12
   4   23
  27   11
   0   -1
  -5    2
   8    2
 -11   -2
 -14    2
  17   -5
   8  -22
  -3   29
  -1    0
   5    2
  -2    8
  10    5
 -11   -9
   5   17
  15   18
 -26   14
   1    0
  -2    5
  -6   -6
   2   11
  -3   14
 -16    8
 -20   13
  27  -12
   0    1
   4   -4
   6   -6
  -3  -11
   3   14
   0  -18
 -24    1
  16  -25
  -1   -1
  -4    4
  -3   -8
   3  -11
  -8  -12
   1  -18
  -7  -23
  22  -20
   1   -1
   3   -5
  -8   -3
   9   -7
  -4  -14
 -18   -1
 -17  -17
 -28   10
  -1    1
  -5   -3
   8   -3
  11   -3
 -14    4
 -16   -9
  17  -17
 -18   24
   1    1
   5   -3
   8    3
  11    3
  14    4
   7  -17
 -23    7
  30    2
   0   -2
  -5    3
  -3    8
  -9    7
  13   -7
 -13   13
 -17   17
 -29   -8
  -2    0
   5    3
  -5   -7
  -3   11
  -7   13
 -14  -12
  -2  -24
  12  -28
   2    0
  -3    5
  -7    5
   3   11
  -5  -14
 -12   14
  15  -19
  -6  -30
   0    2
  -6    0
   7    5
  -6  -10
   5  -14
  12   14
  15   19
 -30   -6
   1   -2
   6    0
  -5    7
 -10   -6
 -11  -10
  15  -11
  -4   24
  19  -24
  -2   -1
  -1   -6
   5    7
  10   -6
 -14   -5
 -16  -10
  20   14
 -24  -19
   2   -1
   1   -6
  -4   -8
   4  -11
  14   -5
  16  -10
   5  -24
 -24   19
  -2    1
  -6   -1
  -8   -4
  11   -4
  11   10
  16   10
 -24   -5
   7   30
  -1    2
   6   -1
   4    8
  11    4
  -9  -12
  -2  -19
 -17  -18
  -1  -31
   1    2
  -6    1
   9    0
   4   11
  12   -9
 -14  -13
 -19   16
 -20  -24
  -2   -2
  -2   -6
   0    9
 -12    0
  15    0
   9  -17
  25   -1
 -28   14
   2   -2
   2   -6
   9    1
   8   -9
  12    9
  -7  -18
 -12  -22
  14   28
  -2    2
  -6   -2
  -7    6
  -9   -8
  15    1
  16  -11
 -25   -2
  -5  -31
   0   -3
   6   -2
   7    6
  -8    9
 -15    2
  19    4
  18  -18
  31   -6
  -3    0
  -6    2
  -6    7
  -1   12
  15    2
   5   19
  20  -16
   6   31
   3    0
   6    2
   2    9
  -5  -11
  -6  -14
  14  -14
   9   24
 -26  -18
   0    3
   4   -5
  -5   -8
 -11   -5
   8  -13
  19   -6
   6  -25
 -28  -15
  -1   -3
   3   -6
  -8   -5
 -12   -2
   3  -15
  -6   19
 -23   12
  29  -13
   1   -3
  -6   -3
   8    5
  12   -2
 -15   -3
  16  -12
  10  -24
 -23   22
  -3   -1
   6   -3
   3   -9
  -7  -10
 -15    3
  20    0
  18   19
 -24   21
   3   -1
   6    3
  -3    9
 -10   -7
 -15   -4
 -12   16
 -25    9
  -8   31
   3    1
  -3    6
   4   -9
  10   -7
 -15    4
  12   16
 -15   22
 -19  -26
  -1    3
  -7    0
  -9   -4
  -7   10
  15    4
 -20    1
  15   22
  16  -28
  -2   -3
  -1   -7
  -9    4
   3  -12
 -10  -12
 -20    2
 -12   24
 -24   22
  -3   -2
   1   -7
  -4    9
  -6  -11
 -12   10
 -18    9
  19  -19
 -31  -10
   3   -2
   5   -5
  -7   -7
  -4  -12
 -14    7
   9   18
 -10   25
  28  -17
   3    2
  -7    1
  -6   -8
  -8   10
  14    7
  20   -3
 -27    1
  11  -31
   2    3
   5    5
   8   -6
   0  -13
   5   15
  -3   20
   3  -27
  14   30
  -4    0
  -1    7
  10    0
  -5  -12
  16    0
 -11  -17
 -27    3
  12  -31
   0    4
   1    7
   8    6
 -13    0
  14   -8
  10   18
  -8  -26
  22  -25
  -4   -1
   4   -6
   6    8
 -12    5
   2   16
 -20    5
  22   16
  10  -32
   4   -1
  -6    4
 -10    1
 -11   -7
  -6  -15
 -17   12
 -16   22
 -20  -27
  -4    1
   4    6
  -2  -10
 -13   -1
 -15   -6
 -21   -2
   4   27
  31  -13
   4    1
  -2   -7
 -10   -2
  13   -1
  -6   15
 -20    7
 -25  -11
  24  -24
  -1    4
  -7    2
  -2   10
 -13    1
 -16    3
  -7   20
 -27    5
 -25   24
   3   -3
   2    7
   9    5
  -1   13
 -13  -10
  21    3
  15   23
  26  -23
  -3    3
  -3   -7
  -3  -10
 -13    2
  10   13
  14  -16
 -26   -9
 -26   23
  -2   -4
   3   -7
   3  -10
   2   13
 -16    4
  17   13
  20   19
 -30   18
   2   -4
  -7    3
  -8   -7
   9  -10
  16    4
   6  -21
 -25  -12
 -20   29
  -4   -2
   7    3
  -8    7
 -10    9
  -4   16
  -9  -20
  25  -12
 -17  -31
   4   -2
  -3    7
   8    7
  -9   10
  -7   15
  11  -19
   0  -28
 -29   21
  -2    4
  -6    5
  -7    8
   8  -11
  16   -5
  -7   21
   0   28
  28  -24
   2    4
   6    5
 -10   -4
 -11   -8
 -16    5
   7   21
 -16  -23
  23  -29
   0   -5
  -5    6
 -10    4
  13   -4
  16    5
  20   10
  23  -16
  30  -23
   3   -4
   0   -8
  10    4
   7  -12
  12  -12
   4   22
  -1   28
 -26  -28
  -4    3
  -8    0
  -6   -9
  12   -7
   0   17
  12   19
  28   -2
 -32   22
   4    3
   8    0
   9    6
  12    7
 -17    1
  22   -5
 -24   15
  26  -29
   3    4
  -1   -8
  -6    9
  -7   12
  17    1
  -5   22
  27    9
 -32   23
  -1   -5
   4   -7
 -11    0
   5  -13
 -16   -6
  14  -18
  17  -23
 -26  -30
  -5   -1
  -7   -4
   0   11
   0   14
   2   17
  20   11
 -29    0
 -26   30
   5   -1
  -8   -1
  -1  -11
   1  -14
   3  -17
 -23    2
   1  -29
  28  -29
  -5    1
   8    1
 -11   -1
 -14   -1
  17    3
  23   -3
 -22   19
 -31   26
   5    1
  -7    4
  11   -1
 -14    1
  16   -7
 -10   21
  22   19
 -32  -25
   1    5
   7    4
  11    1
  14    1
 -17   -4
  -4  -23
  25  -15
 -30  -28
   2   -5
   1    8
  -1   11
  -1   14
 -17    4
 -17   16
 -29    3
  28   30
