# First row: index of dimension 2; Second row: index of dimension 3
CS_EncMatrix 64 32
CS_ACT_EncMatrix 64 32
PVM_RareFactor 8
0 0
-1 9
-8 10
12 10
15 -11
22 -2
21 -15
26 -14
-1 0
1 -9
8 -10
-14 -7
15 11
22 2
21 15
26 14
0 -1
1 9
8 10
-14 7
-18 -5
-21 -7
-23 -12
-27 -12
0 1
9 -1
10 -8
-7 -14
-18 5
-21 7
-23 12
-27 12
1 0
9 1
10 8
-7 14
18 -5
21 -7
23 -12
27 -12
-1 -1
-9 -2
-13 0
7 -14
18 5
21 7
23 12
27 12
-1 1
-9 2
-12 -5
7 14
-17 -8
-22 -3
-25 -7
-29 -6
1 -1
-7 -6
-12 5
14 -7
-17 8
-22 3
-25 7
-29 6
1 1
-7 6
-5 -12
14 7
17 -8
-18 -13
25 -7
29 -6
-2 0
-6 -7
-5 12
-15 -5
17 8
-18 13
25 7
29 6
0 -2
-6 7
0 -13
-15 5
-16 -10
18 -13
-26 0
-25 -16
0 2
-2 -9
0 13
-13 -9
-16 10
18 13
-24 -10
25 -16
2 0
-2 9
5 -12
-13 9
-10 -16
22 -3
-24 10
-28 -10
-2 -1
2 -9
5 12
-9 -13
10 -16
22 3
24 -10
-28 10
-2 1
2 9
12 -5
-9 13
16 -10
-22 -4
24 10
28 -10
-1 -2
6 -7
12 5
-5 -15
16 10
-22 4
26 0
28 10
-1 2
6 7
13 0
-5 15
-18 -6
-20 -10
-26 -1
-29 -7
1 -2
7 -6
-13 -1
5 -15
-18 6
-20 10
-26 1
-29 7
1 2
7 6
-13 1
5 15
18 -6
20 -10
26 -1
29 -7
2 -1
9 -2
-11 -7
9 -13
18 6
20 10
26 1
29 7
2 1
9 2
-11 7
9 13
-19 0
22 -4
-26 -2
-27 -13
-2 -2
-8 -5
-7 -11
13 -9
19 0
22 4
-26 2
-27 13
-2 2
-8 5
-7 11
13 9
-19 -1
-21 -8
-22 -14
27 -13
2 -2
-5 -8
-1 -13
15 -5
-19 1
-21 8
-22 14
27 13
2 2
-5 8
-1 13
15 5
19 -1
-19 -12
22 -14
-30 0
-3 0
5 -8
1 -13
-16 0
19 1
-19 12
22 14
30 0
0 -3
5 8
1 13
0 -16
-19 -2
19 -12
26 -2
-30 -1
0 3
8 -5
7 -11
16 0
-19 2
19 12
26 2
-30 1
3 0
8 5
7 11
-16 -1
-14 -13
21 -8
-26 -3
-26 -15
-3 -1
-9 -3
11 -7
-16 1
-14 13
21 8
-26 3
-26 15
-3 1
-9 3
11 7
-1 -16
-13 -14
-22 -5
26 -3
26 -15
-1 -3
-3 -9
13 -1
1 -16
-13 14
-22 5
26 3
26 15
-1 3
-3 9
13 1
16 -1
13 -14
22 -5
-25 -8
30 -1
1 -3
3 -9
-13 -2
16 1
13 14
22 5
-25 8
30 1
1 3
3 9
-13 2
-16 -2
14 -13
-16 -16
25 -8
-30 -2
3 -1
9 -3
-2 -13
-16 2
14 13
16 -16
25 8
-30 2
3 1
9 3
-2 13
-14 -8
19 -2
-17 -15
-26 -4
30 -2
-3 -2
-9 -4
2 -13
-14 8
19 2
-17 15
-26 4
30 2
-3 2
-9 4
2 13
-8 -14
-15 -12
17 -15
26 -4
-29 -8
-2 -3
-4 -9
13 -2
-8 14
-15 12
17 15
26 4
-29 8
-2 3
-4 9
13 2
-2 -16
-12 -15
-22 -6
-24 -11
-28 -11
2 -3
4 -9
-13 -3
2 -16
-12 15
-22 6
-24 11
-28 11
2 3
4 9
-13 3
8 -14
12 -15
-18 -14
-21 -16
28 -11
3 -2
9 -4
-3 -13
8 14
12 15
-18 14
21 -16
28 11
3 2
9 4
-3 13
14 -8
15 -12
18 -14
24 -11
29 -8
-4 0
-7 -7
3 -13
14 8
15 12
18 14
24 11
29 8
0 -4
-7 7
3 13
16 -2
-19 -3
22 -6
-23 -13
-30 -3
0 4
7 -7
13 -3
16 2
-19 3
22 6
-23 13
-30 3
4 0
7 7
13 3
-15 -6
-17 -9
-20 -11
23 -13
30 -3
-4 -1
-10 0
-12 -6
-15 6
-17 9
-20 11
23 13
30 3
-4 1
-8 -6
-12 6
-6 -15
17 -9
20 -11
-26 -5
-30 -4
-1 -4
-8 6
-6 -12
-6 15
17 9
20 11
-26 5
-30 4
-1 4
-6 -8
-6 12
6 -15
19 -3
-21 -9
26 -5
30 -4
1 -4
-6 8
6 -12
6 15
19 3
-21 9
26 5
30 4
1 4
0 -10
6 12
15 -6
-18 -7
21 -9
-25 -9
-29 -9
4 -1
0 10
12 -6
15 6
-18 7
21 9
-25 9
-29 9
4 1
6 -8
12 6
-16 -3
18 -7
-23 0
25 -9
29 -9
-3 -3
6 8
-10 -9
-16 3
18 7
23 0
25 9
29 9
-3 3
8 -6
-10 9
-12 -11
-19 -4
-23 -1
-22 -15
-30 -5
3 -3
8 6
-9 -10
-12 11
-19 4
-23 1
-22 15
-30 5
3 3
10 0
-9 10
-11 -12
-16 -11
-19 -13
22 -15
-27 -14
-4 -2
-10 -1
9 -10
-11 12
-16 11
-19 13
22 15
-27 14
-4 2
-10 1
9 10
-3 -16
-11 -16
19 -13
-26 -6
27 -14
-2 -4
-1 -10
10 -9
3 -16
11 -16
19 13
-26 6
27 14
-2 4
-1 10
10 9
11 -12
16 -11
23 -1
26 -6
30 -5
2 -4
1 -10
-13 -4
11 12
16 11
23 1
26 6
30 5
2 4
1 10
-13 4
12 -11
19 -4
-23 -2
-24 -12
-28 -12
4 -2
10 -1
-11 -8
12 11
19 4
-23 2
-24 12
-28 12
4 2
10 1
-11 8
16 -3
-19 -5
-22 -7
24 -12
28 -12
-5 0
-10 -2
-8 -11
16 3
-19 5
-22 7
24 12
28 12
-4 -3
-10 2
-8 11
-13 -10
19 -5
22 -7
-26 -7
-26 -16
-4 3
-2 -10
-4 -13
-13 10
19 5
22 7
-26 7
26 -16
-3 -4
-2 10
-4 13
-10 -13
-18 -8
23 -2
-25 -10
-30 -6
-3 4
2 -10
4 -13
-10 13
-18 8
23 2
-25 10
-30 6
0 -5
2 10
4 13
10 -13
18 -8
-23 -3
-23 -14
30 -6
0 5
10 -2
8 -11
10 13
18 8
-23 3
-23 14
30 6
3 -4
10 2
8 11
13 -10
-17 -10
23 -3
23 -14
-29 -10
3 4
-9 -5
11 -8
13 10
-17 10
23 3
23 14
-29 10
4 -3
-9 5
11 8
-16 -4
17 -10
-21 -10
25 -10
29 -10
4 3
-5 -9
13 -4
-16 4
17 10
-21 10
25 10
29 10
5 0
-5 9
13 4
-4 -16
-14 -14
21 -10
26 -7
-30 -7
-5 -1
5 -9
-12 -7
4 -16
-14 14
21 10
26 7
-30 7
-5 1
5 9
-12 7
16 -4
14 -14
-20 -12
-27 0
30 -7
-1 -5
9 -5
-7 -12
16 4
14 14
-20 12
27 0
30 7
-1 5
9 5
-7 12
-15 -7
-15 -13
20 -12
-27 -1
-28 -13
1 -5
-10 -3
7 -12
-15 7
-15 13
20 12
-27 1
-28 13
1 5
-10 3
7 12
-7 -15
-13 -15
-23 -4
27 -1
28 -13
5 -1
-3 -10
12 -7
-7 15
-13 15
-23 4
27 1
28 13
5 1
-3 10
12 7
7 -15
13 -15
-17 -16
-27 -2
-27 -15
-5 -2
3 -10
-13 -5
7 15
13 15
17 -16
-27 2
-27 15
-5 2
3 10
-13 5
15 -7
15 -13
23 -4
27 -2
27 -15
-2 -5
10 -3
-5 -13
15 7
15 13
23 4
27 2
27 15
-2 5
10 3
-5 13
-14 -9
-19 -6
-22 -8
-27 -3
-31 0
2 -5
-8 -7
5 -13
-14 9
-19 6
-22 8
-27 3
31 0
2 5
-8 7
5 13
-9 -14
19 -6
22 -8
27 -3
-31 -1
5 -2
-7 -8
13 -5
-9 14
19 6
22 8
27 3
-31 1
5 2
-7 8
13 5
9 -14
-20 0
-18 -15
-26 -8
-29 -11
-4 -4
7 -8
-14 0
9 14
-16 -12
-18 15
-26 8
-29 11
-4 4
7 8
0 -14
14 -9
-16 12
18 -15
-22 -16
29 -11
4 -4
8 -7
0 14
14 9
-12 -16
18 15
22 -16
29 11
4 4
8 7
14 0
-16 -5
12 -16
-23 -5
26 -8
31 -1
-5 -3
-10 -4
-14 -1
-16 5
16 -12
-23 5
26 8
31 1
-5 3
-10 4
-14 1
-5 -16
16 12
23 -5
-27 -4
-30 -8
-3 -5
-4 -10
-1 -14
5 -16
20 0
23 5
-27 4
-30 8
-3 5
-4 10
-1 14
16 -5
-20 -1
-19 -14
-24 -13
30 -8
3 -5
4 -10
1 -14
16 5
-20 1
-19 14
-24 13
30 8
3 5
4 10
1 14
-12 -12
20 -1
19 -14
24 -13
-31 -2
5 -3
10 -4
14 -1
-12 12
20 1
19 14
24 13
-31 2
5 3
10 4
14 1
12 -12
-20 -2
-21 -11
27 -4
31 -2
-6 0
-9 -6
-14 -2
12 12
-20 2
-21 11
27 4
31 2
0 -6
-9 6
-14 2
-17 0
20 -2
21 -11
-25 -11
-31 -3
0 6
-6 -9
-10 -10
-15 -8
20 2
21 11
-25 11
-31 3
6 0
-6 9
-10 10
-15 8
-18 -9
-23 -6
25 -11
31 -3
-6 -1
6 -9
-2 -14
-8 -15
-18 9
-23 6
25 11
31 3
-6 1
6 9
-2 14
-8 15
18 -9
-22 -9
-27 -5
-31 -4
-1 -6
9 -6
2 -14
8 -15
18 9
-22 9
-27 5
-31 4
-1 6
9 6
2 14
8 15
-20 -3
22 -9
-23 -15
31 -4
1 -6
-11 0
10 -10
15 -8
-20 3
22 9
-23 15
31 4
1 6
0 -11
10 10
15 8
20 -3
23 -6
23 -15
-28 -14
6 -1
0 11
14 -2
17 0
20 3
23 6
23 15
-28 14
6 1
11 0
14 2
-17 -1
-19 -7
-20 -13
27 -5
28 -14
-6 -2
-11 -1
-11 -9
-17 1
-19 7
-20 13
27 5
28 14
-6 2
-11 1
-11 9
-13 -11
-17 -11
20 -13
-26 -9
-30 -9
-2 -6
-1 -11
-9 -11
-13 11
-17 11
20 13
-26 9
-30 9
-2 6
-1 11
-9 11
-11 -13
17 -11
-24 0
26 -9
30 -9
2 -6
1 -11
9 -11
-11 13
17 11
24 0
26 9
30 9
2 6
1 11
9 11
11 -13
19 -7
-24 -1
-27 -6
-29 -12
6 -2
11 -1
11 -9
11 13
19 7
-24 1
-27 6
-29 12
6 2
11 1
11 9
13 -11
-20 -4
24 -1
27 -6
-27 -16
-5 -4
-11 -2
-14 -3
13 11
-20 4
24 1
27 6
27 -16
-5 4
-11 2
-14 3
17 -1
20 -4
-23 -7
-25 -12
29 -12
-4 -5
-10 -5
-13 -6
17 1
20 4
-23 7
-25 12
29 12
-4 5
-10 5
-13 6
-16 -6
-15 -14
23 -7
25 -12
-31 -5
4 -5
-5 -10
-6 -13
-16 6
-15 14
23 7
25 12
-31 5
4 5
-5 10
-6 13
-6 -16
-14 -15
-24 -2
-24 -14
31 -5
5 -4
-2 -11
-3 -14
6 -16
-14 15
-24 2
-24 14
31 5
5 4
-2 11
-3 14
16 -6
14 -15
-18 -16
24 -14
-31 -6
-6 -3
2 -11
3 -14
16 6
14 15
18 -16
24 14
-31 6
-6 3
2 11
3 14
-17 -2
15 -14
24 -2
-26 -10
31 -6
-3 -6
5 -10
6 -13
-17 2
15 14
24 2
-26 10
31 6
-3 6
5 10
6 13
17 -2
-18 -10
-22 -10
26 -10
-30 -10
3 -6
10 -5
13 -6
17 2
-18 10
-22 10
26 10
-30 10
3 6
10 5
13 6
-14 -10
18 -10
22 -10
-27 -7
30 -10
6 -3
11 -2
14 -3
-14 10
18 10
22 10
-27 7
30 10
6 3
11 2
14 3
-10 -14
-20 -5
-24 -3
27 -7
-28 -15
-7 0
-8 -8
-12 -8
-10 14
-20 5
-24 3
27 7
-28 15
0 -7
-8 8
-12 8
10 -14
-19 -8
-21 -12
-28 0
28 -15
0 7
8 -8
-8 -12
10 14
-19 8
-21 12
28 0
28 15
7 0
8 8
-8 12
14 -10
-16 -13
21 -12
-28 -1
-31 -7
-7 -1
-11 -3
8 -12
14 10
-16 13
21 12
-28 1
-31 7
-7 1
-11 3
8 12
-17 -3
-13 -16
24 -3
-23 -16
-29 -13
-5 -5
-9 -7
12 -8
-17 3
13 -16
24 3
23 -16
-29 13
-5 5
-9 7
12 8
17 -3
16 -13
-19 -15
28 -1
29 -13
-1 -7
-7 -9
-14 -4
17 3
16 13
-19 15
28 1
29 13
-1 7
-7 9
-14 4
-17 -4
19 -8
19 -15
-28 -2
31 -7
1 -7
-3 -11
-4 -14
-17 4
19 8
19 15
-28 2
31 7
1 7
-3 11
-4 14
-16 -7
20 -5
-24 -4
28 -2
-30 -11
5 -5
3 -11
4 -14
-16 7
20 5
-24 4
28 2
-30 11
5 5
3 11
4 14
-7 -16
-17 -12
24 -4
-28 -3
30 -11
7 -1
7 -9
14 -4
7 -16
-17 12
24 4
-28 3
30 11
7 1
7 9
14 4
16 -7
17 -12
-23 -8
-27 -8
-32 0
-6 -4
9 -7
-13 -7
16 7
17 12
-23 8
-27 8
-32 -1
-6 4
9 7
-13 7
17 -4
-20 -6
23 -8
27 -8
-32 1
-4 -6
11 -3
-7 -13
17 4
-20 6
23 8
27 8
-31 -8
-4 6
11 3
-7 13
-15 -9
20 -6
-20 -14
28 -3
-31 8
4 -6
-10 -6
7 -13
-15 9
20 6
-20 14
28 3
31 -8
4 6
-10 6
7 13
-9 -15
-21 0
20 -14
-25 -13
31 8
6 -4
-6 -10
13 -7
-9 15
21 0
20 14
-25 13
-32 -2
6 4
-6 10
13 7
9 -15
-21 -1
-24 -5
25 -13
-32 2
-7 -2
6 -10
-14 -5
9 15
-21 1
-24 5
25 13
-32 -3
-7 2
6 10
-14 5
15 -9
-19 -9
24 -5
-26 -11
-32 3
-2 -7
10 -6
-11 -10
15 9
-19 9
24 5
-26 11
-29 -14
-2 7
10 6
-11 10
-13 -12
19 -9
-22 -11
26 -11
-29 14
2 -7
-11 -4
-10 -11
-13 12
19 9
-22 11
26 11
29 -14
2 7
-11 4
-10 11
-12 -13
21 -1
22 -11
-28 -4
29 14
7 -2
-4 -11
-5 -14
-12 13
21 1
22 11
-28 4
-32 -4
7 2
-4 11
-5 14
12 -13
-21 -2
-23 -9
28 -4
-32 4
-7 -3
4 -11
5 -14
12 13
-21 2
-23 9
28 4
-28 -16
-7 3
4 11
5 14
13 -12
-18 -11
-21 -13
-24 -15
28 -16
-3 -7
11 -4
10 -11
13 12
-18 11
-21 13
-24 15
-31 -9
-3 7
11 4
10 11
-17 -5
18 -11
21 -13
24 -15
-31 9
3 -7
-12 0
11 -10
-17 5
18 11
21 13
24 15
31 -9
3 7
0 -12
11 10
17 -5
21 -2
23 -9
-28 -5
31 9
7 -3
0 12
14 -5
17 5
21 2
23 9
-28 5
-30 -12
7 3
12 0
14 5
-14 -11
-20 -7
-24 -6
28 -5
-30 12
-6 -5
-12 -1
-15 0
-14 11
-20 7
-24 6
28 5
30 -12
-6 5
-12 1
-12 -9
-11 -14
20 -7
24 -6
-27 -9
30 12
-5 -6
-9 -8
-12 9
-11 14
20 7
24 6
-27 9
-32 -5
-5 6
-9 8
-9 -12
11 -14
-21 -3
-19 -16
27 -9
-32 5
5 -6
-8 -9
-9 12
11 14
-21 3
19 -16
27 9
-32 -6
5 6
-8 9
0 -15
14 -11
-15 -15
-25 0
-28 -6
-32 6
6 -5
-1 -12
0 15
14 11
-15 15
-24 -7
-28 6
-31 -10
6 5
-1 12
9 -12
-16 -8
15 -15
-24 7
-26 -12
-31 10
-8 0
1 -12
9 12
-16 8
15 15
-20 -15
-26 12
31 -10
0 -8
1 12
12 -9
-8 -16
21 -3
-20 15
26 -12
31 10
0 8
8 -9
12 9
8 -16
21 3
20 -15
26 12
-29 -15
8 0
8 9
15 0
16 -8
-16 -14
20 15
28 -6
-29 15
-8 -1
9 -8
-15 -1
16 8
-16 14
24 -7
28 6
29 -15
-8 1
9 8
-15 1
-18 0
-14 -16
24 7
-25 -14
29 15
-7 -4
12 -1
-1 -15
18 0
14 -16
25 0
-25 14
-30 -13
-7 4
12 1
-1 15
-18 -1
16 -14
-25 -1
25 -14
-30 13
-4 -7
-11 -5
1 -15
-18 1
16 14
-25 1
25 14
30 -13
-4 7
-11 5
1 15
-17 -6
-21 -4
25 -1
-27 -10
30 13
-1 -8
-5 -11
15 -1
-17 6
-21 4
25 1
-27 10
-32 -7
-1 8
-5 11
15 1
-15 -10
21 -4
-22 -12
27 -10
-32 7
1 -8
5 -11
-15 -2
-15 10
21 4
-22 12
27 10
-31 -11
1 8
5 11
-15 2
-10 -15
-17 -13
22 -12
-24 -16
-31 11
4 -7
11 -5
-2 -15
-10 15
-17 13
22 12
24 -16
31 -11
4 7
11 5
-2 15
10 -15
17 -13
-25 -2
-28 -7
31 11
7 -4
-12 -2
2 -15
10 15
17 13
-25 2
-28 7
-32 -8
7 4
-12 2
2 15
15 -10
-19 -10
-23 -10
28 -7
-32 8
8 -1
-2 -12
15 -2
15 10
-19 10
-23 10
28 7
-30 -14
8 1
-2 12
15 2
17 -6
19 -10
23 -10
-29 0
-30 14
-8 -2
2 -12
-14 -6
17 6
19 10
23 10
29 0
30 -14
-8 2
2 12
-14 6
18 -1
-20 -8
25 -2
-29 -1
30 14
-2 -8
12 -2
-6 -14
18 1
-20 8
25 2
-29 1
-29 -16
-2 8
12 2
-6 14
-18 -2
20 -8
-25 -3
29 -1
29 -16
2 -8
-10 -7
6 -14
-18 2
20 8
-25 3
29 1
-32 -9
2 8
-10 7
6 14
18 -2
-21 -5
25 -3
-29 -2
-32 9
8 -2
-7 -10
14 -6
18 2
-21 5
25 3
-29 2
-31 -12
8 2
-7 10
14 6
-18 -3
21 -5
-21 -14
-26 -13
-31 12
-6 -6
7 -10
-13 -8
-18 3
21 5
-21 14
-26 13
31 -12
-6 6
7 10
-13 8
18 -3
-18 -12
21 -14
26 -13
31 12
6 -6
10 -7
-8 -13
18 3
-18 12
21 14
26 13
-32 -10
6 6
10 7
-8 13
-16 -9
18 -12
-24 -8
29 -2
-32 10
-8 -3
-12 -3
8 -13
-16 9
18 12
-24 8
29 2
-30 -15
-8 3
-12 3
8 13
-9 -16
-21 -6
24 -8
-28 -8
-30 15
-3 -8
-3 -12
13 -8
9 -16
-21 6
24 8
-28 8
30 -15
-3 8
-3 12
13 8
16 -9
21 -6
-25 -4
28 -8
30 15
3 -8
3 -12
-15 -3
16 9
21 6
-25 4
28 8
-31 -13
3 8
3 12
-15 3
-17 -7
-20 -9
25 -4
-29 -3
-31 13
8 -3
12 -3
-3 -15
-17 7
-20 9
25 4
-29 3
31 -13
8 3
12 3
-3 15
-13 -13
-16 -15
-25 -5
-27 -11
31 13
-7 -5
-11 -6
3 -15
-13 13
-16 15
-25 5
-27 11
-32 -11
-7 5
-11 6
3 15
13 -13
-15 -16
-23 -11
-25 -15
-32 11
-5 -7
-6 -11
15 -3
13 13
15 -16
-23 11
-25 15
-30 -16
-5 7
-6 11
15 3
17 -7
16 -15
23 -11
25 -15
30 -16
5 -7
6 -11
-15 -4
17 7
16 15
23 11
25 15
-31 -14
5 7
6 11
-15 4
-18 -4
20 -9
25 -5
27 -11
-31 14
7 -5
11 -6
-4 -15
-18 4
20 9
25 5
27 11
31 -14
7 5
11 6
-4 15
-14 -12
-19 -11
-22 -13
29 -3
31 14
-8 -4
-12 -4
4 -15
-14 12
-19 11
-22 13
29 3
-32 -12
-8 4
-12 4
4 15
-12 -14
19 -11
22 -13
-29 -4
-32 12
-4 -8
-4 -12
15 -4
-12 14
19 11
22 13
-29 4
-31 -15
-4 8
-4 12
15 4
12 -14
-22 0
-20 -16
29 -4
-31 15
4 -8
4 -12
-11 -11
12 14
22 0
20 -16
29 4
31 -15
4 8
4 12
-11 11
14 -12
-22 -1
-24 -9
-28 -9
31 15
8 -4
12 -4
11 -11
14 12
-22 1
-24 9
-28 9
-32 -13
8 4
12 4
11 11
18 -4
-17 -14
24 -9
28 -9
-32 13
-9 0
-9 -9
-12 -10
18 4
-17 14
24 9
28 9
-31 -16
0 -9
-9 9
-12 10
-15 -11
17 -14
-25 -6
-29 -5
31 -16
0 9
9 -9
-10 -12
-15 11
17 14
-25 6
-29 5
-32 -14
9 0
9 9
-10 12
-11 -15
22 -1
25 -6
29 -5
-32 14
-9 -1
-10 -8
10 -12
-11 15
22 1
25 6
29 5
-32 -15
-9 1
-10 8
10 12
11 -15
-22 -2
-21 -15
-26 -14
-32 15
-1 -9
-8 -10
12 -10
11 15
-22 2
-21 15
-26 14
-32 -16
