# First row: index of dimension 2; Second row: index of dimension 3
CS_EncMatrix 64 16
CS_ACT_EncMatrix 64 64
PVM_RareFactor 8
   0    0
   5    5
   9    7
   9   13
 -20    5
   7  -24
  28    7
 -20  -26
   0   -1
   1    7
   7    9
   0  -16
  13   16
  15  -20
  20  -21
  26  -20
  -1    0
  -6   -4
   6  -10
  -1  -16
 -20   -6
 -20  -15
  20   21
  26   20
   1    0
  -6    4
  10    6
   1  -16
  20   -6
 -15   20
  -1  -29
  20   26
   0    1
  -4    6
  11   -4
  14   -8
  20    6
  -1  -25
 -29    1
  11  -31
  -1   -1
  -2   -7
 -11    4
  16   -2
  21    0
   1  -25
 -22  -19
  11   31
   1   -1
   2   -7
  -4   11
  -2   16
  -1  -21
  25   -1
  26  -13
  -8  -32
  -1    1
  -7    2
  -1  -12
   2   16
   1  -21
  -2  -25
 -29    2
 -27   19
   1    1
   7    2
   1  -12
  15    6
   9  -19
   2  -25
 -26   13
 -19   27
   0   -2
   2    7
  -8   -9
   6   15
 -19   -9
 -10  -23
  26   13
 -30   14
  -2    0
   3   -7
   8   -9
  -3  -16
 -21    1
 -23  -10
 -22   19
 -16  -29
   2    0
   7   -3
  12    1
 -12  -11
   1   21
 -23   10
 -13   26
 -29   16
   0    2
  -7    3
  -8    9
  12  -11
  21    2
 -10   23
  13   26
  31  -12
  -1   -2
   7    3
   8    9
 -11   12
  11   18
 -25   -3
  28    8
  12   31
   1   -2
  -3    7
   1   12
  11   12
   3  -21
 -25    5
  29    3
  28   18
  -2   -1
   3    7
  -5   11
  -3   16
 -21   -3
 -19   17
 -27   11
 -18   28
   2   -1
  -5   -6
  -2  -12
  13  -10
 -14  -16
 -13  -22
  15   25
 -22  -25
  -2    1
   5   -6
  -2   12
 -13   10
  14  -16
 -22  -13
  -3   29
 -21  -26
   2    1
  -6   -5
   7  -10
   4  -16
 -14   16
 -16  -20
  -4  -29
 -26  -21
  -1    2
   6   -5
  10   -7
 -16    4
  14   16
  20   16
 -17  -24
  26  -21
   1    2
  -6    5
  10    7
  -4   16
  -4  -21
  -9  -24
 -24  -17
  20  -27
  -2   -2
   5    6
  -7   10
  -7  -15
 -21    4
  25   -6
   9   28
 -20   27
   2   -2
   0   -8
   7   10
 -15   -7
  21    4
   7  -25
   5  -29
 -13  -31
  -2    2
  -8    0
   3  -12
  15   -7
   4   21
  -7   25
  29    5
 -13   31
   2    2
   8    0
 -12   -3
 -15    7
  13  -17
  24  -10
  27  -12
 -19   28
   0   -3
   0    8
 -12    3
   7   15
  17  -13
 -10   24
 -12   27
 -24  -24
  -3    0
  -1   -8
  12    3
  -9  -14
  19   10
   0   26
  12   27
 -25   23
   3    0
   1   -8
  -3   12
 -14   -9
  20   -8
  26    1
  25  -16
 -16  -30
   0    3
  -4   -7
   3   12
  14   -9
 -20    8
  14  -22
 -25   16
 -30   16
  -1   -3
   7   -4
  11    6
 -16    5
  -8   20
 -22   14
 -10  -28
 -26  -22
   1   -3
  -8    1
  -6   11
  16    5
  21    5
   2   26
  20  -22
 -26   22
  -3   -1
   8    1
   6   11
 -12  -12
  -5   21
   3  -26
 -22  -20
 -29  -18
   3   -1
   7    4
  12   -4
  12   12
  12  -18
 -18  -19
  -7  -29
  27  -21
  -3    1
   4    7
  -4   12
   8  -15
  18  -12
 -26   -3
   7  -29
  27   21
   3    1
  -1    8
  -9    9
  -8   15
 -21   -6
 -26    3
  -7   29
 -21   27
  -1    3
   1    8
  -8  -10
   8   15
  21    6
  19   18
   7   29
 -20  -28
   1    3
  -2   -8
  10    8
   0   17
  -9  -20
  18   19
  13  -27
  28   20
  -2   -3
  -8    2
  -8   10
  -1  -17
   9  -20
   8  -25
 -30    0
 -15   31
   2   -3
   8    2
   8   10
   1  -17
  16  -15
  20   17
  18   24
  30  -17
  -3   -2
  -2    8
 -12   -5
 -13  -11
  -9   20
  17   20
 -26  -15
  30   17
   3   -2
   2    8
  12    5
  13   11
 -19   11
   8   25
  30    1
 -25  -24
  -3    2
  -6   -6
  -1  -13
   1   17
 -11   19
   4  -26
  26   15
 -24   25
   3    2
  -6    6
  -7  -11
 -16    6
   1  -22
  26    4
 -30   -2
  24   25
  -2    3
   3   -8
   7  -11
  16    6
  17  -14
  11  -24
  30   -2
 -29  -19
   2    3
  -8   -3
  13   -1
  -2  -17
 -17   14
 -21  -16
  -2   30
  23  -26
   0   -4
   8    3
 -13    1
  17   -2
 -22    2
  21  -16
 -29   -8
 -23   26
  -4    0
  -5   -7
  13    1
  17    2
  21   -7
  24  -11
 -29    8
  16  -31
   0    4
   7   -5
  11    7
 -14  -10
 -18  -13
 -21   16
  29    8
 -31  -16
  -1   -4
  -7    5
   7   11
 -17   -3
  22    3
  21   16
 -11   28
  31  -16
   1   -4
   7    5
  -2  -13
   4  -17
 -18   13
 -11   24
   3  -30
 -14  -32
  -4   -1
  -5    7
  -2   13
  16    7
 -13   18
  11   24
 -30   -3
 -18  -30
   4   -1
   5    7
   2   13
   7   16
  13   18
  13  -23
   3   30
  30  -18
  -4    1
   4   -8
  -3  -13
   4   17
 -22   -4
 -23  -13
  17  -25
  21  -28
   4    1
  -4    8
   3   13
 -15   -9
  20   10
  13   23
 -17   25
  20  -29
  -1    4
  -9    0
   6  -12
  12   13
 -10   20
  26   -5
  -9  -29
 -29  -20
   1    4
   0    9
 -12   -6
 -17   -5
 -12  -19
  26    5
   9  -29
 -20   29
  -3   -3
  -9   -1
 -12    6
  17   -5
  19  -12
  -9   25
 -29    9
 -31  -17
   3   -3
  -9    1
  -6   12
  -5   17
 -21   -8
   9   25
 -14  -27
  25   25
  -3    3
   9    1
   8  -11
 -14  -11
  21   -8
  15  -22
  21  -22
  24   26
   3    3
   1    9
  11   -8
  14  -11
 -19   12
 -22   15
  30    5
 -19   30
  -2   -4
   2   -9
  13   -4
   8  -16
  12   19
  22   15
 -22   21
 -22   28
   2   -4
  -7   -6
  11    8
  16    8
  -8   21
 -26    6
  21   22
 -21  -29
  -4   -2
   7   -6
  -8   11
  -8   16
   5  -22
  26    6
  28  -12
  21   29
  -4    2
  -9   -2
   8   11
   8   16
 -15  -17
 -19   19
 -12   28
 -20  -30
   4    2
   9   -2
  -4   13
 -15   10
 -17   15
  19   19
  20  -23
  20  -30
   2    4
   9    2
   4   13
  -1   18
 -22   -6
 -20   18
 -20   23
 -30   20
   0   -5
  -7    6
  -7  -12
  -3  -18
  22    6
  -7  -26
 -26  -16
 -20   30
  -3   -4
  -6    7
   7  -12
 -16   -9
 -18   14
 -10  -25
  26  -16
 -25  -26
  -4   -3
   6    7
  -5  -13
  16   -9
   6   22
 -25  -10
 -26   16
 -26  -25
   4   -3
  -2    9
  13   -5
  16    9
 -20  -11
  26   -7
   6  -30
  24  -27
  -5    0
   8   -5
  -5   13
  -9   16
 -11   20
 -26    7
  19  -24
  27   24
   5    0
   3   -9
   0  -14
 -17   -7
  11   20
  -7   26
 -24   19
  24   27
  -4    3
  -9   -3
   1  -14
 -17    7
   0   23
   0  -27
 -10  -29
  28   23
   4    3
  -9    3
  14   -1
 -13   13
 -19  -13
   1  -27
 -29  -10
 -23   28
  -3    4
  -3    9
  14    1
  -7   17
 -13   19
 -21  -17
 -18  -25
 -31  -19
   0    5
   9   -4
  -1   14
  12  -14
  -7  -22
 -27    1
  15  -27
 -19   31
   1   -5
  -9    4
  -2  -14
  14  -12
  23   -2
  27    1
  31    0
  21  -30
   5   -1
   9    4
   2  -14
  -5  -18
  -2   23
 -17   21
 -11  -29
 -30   21
  -5    1
   4    9
 -10  -10
  18   -5
   3  -23
   3  -27
  11  -29
 -26  -26
   5    1
   7   -7
  14    2
 -18    5
  23   -3
  27    3
 -29  -11
 -26   26
  -1    5
  -7    7
 -10   10
  17   -8
 -10  -21
   3   27
 -29   11
  25  -27
   1    5
   7    7
  -2   14
 -16   10
 -21   10
   8  -26
  29   11
  27  -25
  -2   -5
  -6   -8
  -9  -11
  16   10
  10   21
 -26    8
  11   29
 -27   25
   2   -5
 -10    0
   9  -11
 -10   16
  12  -20
  -4  -27
  17  -26
  25   27
   5   -2
  10    0
  11   -9
  10   16
 -16  -17
  27   -4
  31   -2
 -31   20
  -5    2
  -8    6
 -11    9
 -18   -6
  16  -17
  11  -25
 -17   26
 -19  -32
   5    2
   1  -10
   9   11
  18    6
  23    4
   5  -27
  -2   31
  21  -31
  -2    5
 -10   -1
 -14    3
   6   18
  16   17
  23   15
  22   22
  25  -28
   4   -4
 -10    1
  14    3
   0  -19
  22    8
  -5   27
  21   23
 -28  -25
  -4    4
  10    1
  -6   13
   0   19
   8   22
 -26    9
 -24  -20
  28   25
  -3   -5
  -2  -10
  -3   14
  -2  -19
  15   18
   9   26
  24  -20
  24   29
   3   -5
  10    2
 -12   -8
  19    2
 -23   -5
  19  -20
 -20   24
  23  -30
  -5   -3
  -5   -9
  12   -8
  -2   19
  23   -5
 -20   19
  14  -28
 -23   30
   5   -3
   5   -9
  12    8
 -12  -15
  19   14
  20   19
 -30   -9
 -22  -31
   5    3
  -9   -5
 -14    4
  15  -12
  14   19
  19   20
 -12  -29
  27   27
  -3    5
   9   -5
   7  -13
 -15   12
  11  -21
   6  -27
 -31   -5
  28  -26
   3    5
   5    9
 -13   -7
 -12   15
 -21  -11
  22  -17
  31   -5
 -25   29
  -6    0
  -3  -10
  13   -7
  17   -9
  11   21
 -10   26
 -18  -26
  25   29
   0    6
  10   -3
 -13    7
   3   19
 -23   -6
  -1  -28
 -10   30
 -24  -30
  -6   -1
 -10    3
  -7   13
  -4  -19
  23   -6
  16  -23
  10   30
  24   30
  -6    1
  10    3
 -10  -11
  11  -16
 -23    6
 -16   23
 -28   15
 -22  -32
   6    1
  -3   10
 -11  -10
   4   19
  13  -20
  16   23
  29  -13
  22  -32
   2   -6
  -8   -7
  14   -5
 -10  -17
  24   -1
 -28   -2
  31   -7
  27  -28
  -6   -2
   8   -7
 -14    5
  14   14
  -1   24
 -28    2
 -21  -24
  28   27
  -6    2
  -8    7
 -11   10
 -15  -13
  -2  -24
  -3  -28
  24  -21
  24   31
   6    2
   8    7
  -5   14
 -15   13
  24   -2
 -27   -8
  24   21
  29  -27
  -2    6
  -7    8
   5   14
  15   13
  22   10
  27   -8
  -8  -31
 -26  -30
   2    6
 -10   -4
  15    0
  -6  -19
  10   22
 -28    3
   8   31
  26  -30
  -4   -5
  10   -4
 -15   -2
 -19    6
  -3  -24
  28    3
  -2  -32
 -26   30
   4   -5
  10    4
 -15    2
 -12  -16
   3  -24
  25  -13
 -32   -2
  25  -31
  -5   -4
   4   10
  15    2
 -20    0
 -24    3
 -11  -26
  -3  -32
 -24  -32
   5   -4
   6   -9
 -14    6
   0   20
  24    3
 -28   -4
 -14  -29
 -28  -29
  -5    4
  -9   -6
 -13   -8
   1  -20
  -3   24
  -4   28
 -28  -16
  28  -29
   5    4
   9   -6
  -8   13
  20   -1
  14  -20
 -15  -24
  28  -16
 -29   28
   4    5
  -9    6
 -15    3
  20    1
   5  -24
  -5  -28
 -28   16
  29   28
  -3   -6
 -11    0
  -3   15
 -20    2
 -24   -5
  27   -9
  -9  -31
  26  -31
  -6   -3
   0   11
  -4  -15
 -18   -9
  24    5
  -9   27
  30  -12
  25  -32
   6    3
   1  -11
 -15   -4
  18    9
 -22   11
 -23  -17
  18  -27
 -29  -29
  -3    6
 -11   -1
 -11  -11
  -9   18
  22   11
  23  -17
 -27   18
 -29   29
   3    6
 -11    1
  11  -11
 -11  -17
 -21  -13
  17   23
  27   18
 -31   27
   0   -7
  10   -5
  12   10
  17  -11
 -23   -9
 -12   26
  -6  -32
  27   31
  -7    0
  -2   11
 -14   -7
  19    7
  23   -9
  -6   28
   6  -32
 -26  -32
   7    0
  -8   -8
  14    7
  17   11
 -21   13
   6   28
 -21  -25
 -29  -30
   1   -7
  -8    8
   5  -15
 -11   17
   9   23
  14  -25
 -25  -21
 -31  -29
  -5   -5
   8    8
  -9  -13
  11   17
  17  -18
 -10  -27
  13   30
 -30  -31
   5   -5
  -9   -7
 -15   -5
 -14   15
 -17   18
  27  -10
 -28  -17
  30  -31
   7   -1
  11   -3
 -15    5
  10   18
  19   16
 -27   10
 -28   17
  31   31
  -5    5
 -11    3
 -13    9
 -16  -13
   0  -25
  27   10
  28   17
  31  -32
