# Comments
CS_EncMatrix 64 32
CS_ACT_EncMatrix 64 64
PVM_RareFactor 8
   0    0
   8   -5
 -12    9
 -14   14
 -19  -14
  13  -24
  16   26
  16  -30
   0   -1
   8    5
   9   12
  14   14
 -19   14
  24  -13
  -6  -30
 -16   30
  -1    0
   5    8
   0   15
  15  -13
  14   19
 -27   -4
 -30   -6
  14  -31
   1    0
  -3   -9
   1  -15
  -6  -19
 -21  -11
  27    4
 -30    6
 -31   14
   0    1
   3   -9
  15   -2
 -19   -6
  21  -11
 -24   13
  30    6
  31   14
  -1   -1
  -9   -3
  15    2
  19   -6
  21   11
  13   24
   6   30
  14   31
   1   -1
   9   -3
  -2   15
  19    6
  11   21
  -4   27
 -24  -19
 -26   22
  -1    1
  -9    3
  -6  -14
   6   19
   6  -23
   4   27
  24  -19
  26   22
   1    1
  -3    9
   6  -14
   0  -20
 -23    6
 -11  -25
 -19   24
 -22   26
   0   -2
  -4   -9
 -14   -6
 -16  -12
  23    6
 -25  -11
  19   24
 -18  -29
  -2    0
  -9   -4
  14   -6
 -16   12
 -22    9
 -11   25
 -10  -29
  18  -29
   2    0
   9   -4
 -14    6
  16   12
  22    9
  11   25
  10  -29
 -29  -18
   0    2
  -9    4
  -8  -13
  12   16
   6   23
   5  -27
 -18  -25
  29  -18
  -1   -2
   9    4
  13   -8
   0   20
  13  -20
 -15  -23
 -30    7
 -29   18
   1   -2
  -4    9
  13    8
  -1  -20
  20  -13
  15  -23
 -25   18
 -18   29
  -2   -1
   4    9
  -8   13
 -20   -1
  20   13
 -23  -15
  18   25
 -12  -32
   2   -1
  -7   -7
   8   13
   1   20
 -13   20
 -27    5
  -7   30
  12  -32
  -2    1
   7   -7
  -3  -15
  -2  -20
   0  -24
  23   15
 -13  -28
 -32   12
   2    1
  -7    7
   3  -15
   2  -20
  24    0
  15   23
  13  -28
 -21  -27
  -1    2
   7    7
 -15   -3
 -20   -2
  24   -1
  -9  -26
  28  -13
  27  -21
   1    2
   0  -10
  15   -3
 -20    2
 -24    1
   9  -26
 -28   13
  27   21
  -2   -2
  -6   -8
   3   15
   2   20
  -1   24
  -9   26
  28   13
  20  -28
   2   -2
  -8   -6
  -4  -15
   9  -18
  17  -17
   9   26
 -27  -15
 -28  -20
  -2    2
   8   -6
 -15   -4
 -18   -9
 -23   -7
 -19  -20
  27  -15
  28  -20
   2    2
 -10    0
  15    4
 -18    9
  -2  -24
  19  -20
 -27   15
  28   20
   0   -3
  10    0
  -4   15
  -9   18
   2  -24
 -20  -19
 -15   27
  20   28
  -3    0
  -8    6
  11  -11
   3  -20
 -16  -18
  20  -19
  15   27
 -31  -15
   3    0
   8    6
 -11   11
  20   -3
  24   -2
  20   19
 -31    0
  31  -15
   0    3
   0   10
  11   11
  20    3
 -18   16
   6  -27
  -1  -31
 -31   15
  -1   -3
   1  -10
 -12  -10
  -3   20
  18   16
 -21  -18
   1  -31
  15   31
   1   -3
 -10   -1
 -12   10
  -7  -19
 -10  -22
  21  -18
  11  -29
 -17  -30
  -3   -1
 -10    1
  12   10
   7  -19
 -10   22
 -27    6
 -29  -11
  17  -30
   3   -1
  10    1
 -10   12
 -17  -11
  -3  -24
 -21   18
  29  -11
 -30  -17
  -3    1
  -1   10
  10   12
 -17   11
   3  -24
  -6   27
 -31   -1
  30  -17
   3    1
  -2  -10
  -7  -14
  17   11
 -12  -21
   6   27
  31   -1
  30   17
  -1    3
 -10   -2
   7  -14
  11   17
  12  -21
 -25  -12
 -31    1
  13  -32
   1    3
  10   -2
 -14   -7
  -4  -20
 -24   -3
 -25   12
  31    1
 -32  -13
  -2   -3
 -10    2
 -14    7
   4  -20
  24   -3
  25   12
 -29   11
  25  -24
   2   -3
   2   10
  14    7
 -20    4
  24    3
 -14  -24
 -11   29
 -25   24
  -3   -2
  -5   -9
  -7   14
  -4   20
  21   12
  24  -14
  -8  -30
  25   24
   3   -2
   5   -9
 -13   -9
  14  -15
 -12   21
 -24   14
 -30   -8
 -24   25
  -3    2
   9   -5
  15   -5
 -15   14
  -3   24
  24   14
  30   -8
  19  -29
   3    2
  -9    5
 -15    5
  14   15
 -15  -19
  17   22
  -2  -31
  29  -19
  -2    3
   9    5
  15    5
 -10  -18
  19  -15
  26  -10
   2  -31
 -29   19
   2    3
  -5    9
 -13    9
  18  -10
  19   15
 -26   10
  17  -26
  23  -26
   0   -4
   5    9
  -5   15
  -5  -20
 -24   -4
  26   10
  26  -17
 -27  -22
  -4    0
  -3  -10
   5   15
  -8  -19
  24   -4
  10   26
 -31   -2
  27   22
   4    0
 -10   -3
  16    0
  13  -16
 -24    4
  -7  -27
  31   -2
 -16  -31
   0    4
  10   -3
   0   16
 -19   -8
  24    4
   7  -27
 -26   17
  31  -16
  -1   -4
  10    3
  -1   16
 -20    5
   4   24
 -27   -7
  26   17
  31   16
   1   -4
   3   10
  -8  -14
  20    5
  -8  -23
  27   -7
  17   26
 -14  -32
  -4   -1
   7   -8
   8  -14
 -19    8
   8  -23
 -27    7
  -2   31
  14  -32
   4   -1
  -8   -7
 -14   -8
  19    8
  23    8
  27    7
 -22  -22
 -32  -14
  -4    1
   7    8
  14   -8
 -16   13
   8   23
   7   27
  22  -22
 -32   14
   4    1
  -4  -10
  16   -2
 -13   16
  14  -20
   0  -28
  -3  -31
  18  -30
  -1    4
 -10   -4
  16    2
  13   16
 -20  -14
 -28    0
   3  -31
 -30   18
   1    4
 -10    4
 -14    8
 -17  -12
  20   14
  28    0
 -21  -23
 -28  -21
  -3   -3
  10    4
  14    8
 -17   12
 -14   20
   0   28
  21  -23
  28  -21
   3   -3
   4   10
   8   14
  17   12
  24    5
   1  -28
 -23  -21
  28   21
  -3    3
  -6   -9
  -2   16
  -6  -20
  -5   24
 -28    1
  23  -21
  21   28
  -2   -4
   6   -9
  -6  -15
   6  -20
   5   24
  28    1
 -31   -3
 -29  -20
   2   -4
  -9   -6
 -15   -6
 -20    6
 -11  -22
  23   16
 -31    3
  29  -20
  -4   -2
   9   -6
 -15    6
   6   20
 -22   11
 -16   23
 -23   21
 -29   20
   4   -2
  -9    6
   6   15
  21    0
  -9  -23
  16   23
 -21   23
  20   29
  -4    2
   9    6
 -12  -11
  19   -9
 -13  -21
  -1   28
  21   23
 -32  -15
   4    2
  -6    9
 -16   -3
 -21   -1
  13  -21
  -2  -28
  -3   31
 -32   15
  -2    4
 -11    0
 -16    3
  21   -1
 -21  -13
   2  -28
 -20  -24
  17  -31
   2    4
  11    0
 -12   11
 -21    1
  21  -13
 -28    2
  24  -20
 -25  -25
   0   -5
   0   11
  12   11
  21    1
  23   -9
  -2   28
  24   20
  25  -25
  -3   -4
  -1  -11
 -11   12
  -9   19
  23    9
   2   28
 -20   24
  31   17
   3   -4
 -11    1
  11   12
   9   19
 -21   13
   3  -28
  20   24
  25   25
  -4   -3
  11    1
  -3   16
   1   21
  21   13
  27   -8
   4  -31
 -17   31
   4   -3
  -1   11
  13   10
  -2  -21
 -13   21
  28   -3
 -31   -4
  17   31
  -5    0
   1   11
  10   13
   2  -21
  -9   23
 -28    3
 -14  -28
 -24   26
   5    0
   2  -11
  -4  -16
 -11  -18
   9   23
  -8   27
 -28  -14
 -23  -27
  -4    3
  -5  -10
   4  -16
  11  -18
  24    6
   3   28
  28  -14
 -23   27
   4    3
   5  -10
  -4   16
 -18  -11
   6   24
 -25   13
 -14   28
 -19  -30
  -3    4
 -11   -2
   4   16
 -21   -2
 -18  -17
  25   13
  14   28
 -30  -19
   3    4
  11   -2
  15   -7
  11   18
  18  -17
 -26  -11
  -9  -30
 -30   19
   0    5
  10    5
 -15    7
  -2   21
 -17   18
 -26   11
   9  -30
 -19   30
  -1   -5
   5   10
  -7   15
 -20   -7
  19  -16
  11   26
 -30   -9
  22  -28
   1   -5
  -2   11
   9  -14
  20    7
  16   19
   4  -28
  30   -9
 -28  -22
  -5   -1
   2   11
 -14    9
  -3  -21
   7  -24
 -20  -20
  -9   30
  28  -22
   5   -1
  -8   -8
  14    9
   3  -21
 -24   -7
 -28   -4
   9   30
  28   22
  -5    1
   8   -8
   9   14
 -15  -15
  25    0
  28   -4
 -12  -29
 -22   28
   5    1
  -8    8
 -16   -5
  15  -15
 -24    7
 -28    4
  12  -29
 -16  -32
  -1    5
   8    8
  16    5
  21   -3
  24    7
  28    4
 -16  -27
 -32  -16
   1    5
  -3  -11
  -5   16
 -15   15
 -15   20
 -20   20
 -27  -16
 -32   16
  -2   -5
  -7   -9
 -12  -12
   3   21
   7   24
   4   28
  27  -16
 -21  -29
   2   -5
 -11   -3
 -12   12
 -14  -16
   0   25
  15  -24
 -29  -12
  21  -29
  -5   -2
  11   -3
  -8  -15
  16  -14
  -1  -25
 -15   24
 -29   12
 -29  -21
   5   -2
 -11    3
 -17    0
 -16   14
   1  -25
  19  -21
  29   12
  29  -21
   5    2
  11    3
  17    0
  16   14
 -25   -1
  21  -19
  16   27
 -18  -31
  -2    5
   9    7
  15    8
 -14   16
 -25    1
 -22   18
  12   29
 -31  -18
   2    5
  -7    9
   8   15
  -4  -21
  25    1
  -5  -28
  -5  -31
 -31   18
  -4   -4
   7    9
  -1  -17
  21   -4
  22  -12
 -28   -5
   5  -31
 -18   31
  -4    4
   3   11
   1  -17
  21    4
  22   12
  28   -5
 -25  -19
  18   31
   4    4
   6  -10
 -11  -13
  -4   21
  -2  -25
  -5   28
  31    5
 -20  -30
  -3   -5
  -6   10
 -13  -11
   4   21
 -23  -10
   5   28
  -6  -31
 -30  -20
   3   -5
   6   10
  17   -1
  13  -17
 -25   -2
  27    9
 -31   -6
 -20   30
  -5   -3
   4  -11
 -13   11
 -17  -13
 -25    2
   9   27
 -31    6
  20   30
   5   -3
 -11   -4
  11   13
 -17   13
  25    2
 -12  -26
  18  -26
 -25  -26
  -5    3
 -11    4
   1   17
  10  -19
  10   23
 -26  -12
 -26  -18
 -25   26
   5    3
  11    4
  -6  -16
 -19  -10
  -2   25
  28   -6
 -30  -10
  25   26
  -3    5
   4   11
 -16   -6
 -19   10
  -3  -25
 -26   12
 -30   10
  24  -27
   3    5
   0  -12
  16   -6
 -10   19
   3  -25
 -12   26
 -18   26
  27  -24
   0   -6
 -12    0
 -16    6
  -8  -20
 -25   -3
  12   26
  10   30
  28  -23
  -6    0
   0   12
   6   16
  20   -8
 -25    3
  -6   28
 -15  -28
  31  -19
   6    0
  -1  -12
  -2  -17
 -20    8
  -3   25
  14  -25
  15  -28
 -31   19
   0    6
  -9   -8
 -17   -2
   5  -21
   3   25
 -25   14
  15   28
  31   19
  -1   -6
 -12   -1
 -17    2
 -21   -5
 -14  -21
  25   14
  -7  -31
  22  -29
   1   -6
  12   -1
  17    2
  21   -5
  -8  -24
 -14   25
   7  -31
  29  -22
  -6   -1
 -12    1
   2   17
  21    5
   8  -24
  10  -27
 -13  -29
 -22   29
   6   -1
  12    1
 -14  -10
  -5   21
  24   -8
 -27  -10
  29  -13
  21  -30
  -6    1
  -9    8
  14  -10
   5   21
 -24    8
 -27   10
 -29   13
  30   21
   6    1
   9    8
 -14   10
 -18  -12
  -8   24
  27   10
  13   29
 -21   30
  -1    6
  -8    9
 -10   14
  18  -12
 -25    4
  10   27
  -7   31
 -18  -32
   1    6
   8    9
  10   14
 -18   12
 -18  -18
 -16  -24
 -22  -23
 -32   18
  -2   -6
  -1   12
  -3  -17
 -12   18
 -17  -19
 -24  -16
 -23  -22
 -26  -26
   2   -6
  -5  -11
   3  -17
  12   18
  17  -19
 -24   16
  23  -22
  26  -26
  -6   -2
   5  -11
 -17    3
  21   -6
 -23  -11
 -16   24
  23   22
  26   26
   6   -2
  -2  -12
  -3   17
 -21    6
  23  -11
 -28    7
  21  -24
  25  -27
  -6    2
 -12    2
  -4  -17
  21    6
 -25   -5
  28    7
  24  -21
  27  -25
   6    2
   2   12
  -7  -16
   6   21
  19   17
   7   28
 -17  -27
 -27   25
  -2    6
  -7  -10
   7  -16
   9  -20
 -17   19
  20  -21
  17  -27
 -25   27
   2    6
   7  -10
 -17   -4
  15  -16
 -11   23
 -20   21
 -27  -17
  25   27
  -4   -5
  10   -7
  17    4
 -20   -9
  -5   25
  20   21
 -17   27
  24  -28
   4   -5
 -10    7
 -16    7
  20   -9
  13  -22
   0   29
  17   27
 -28  -24
  -5   -4
  10    7
   4   17
  20    9
 -22  -13
   1  -29
 -30   11
  24   28
   5   -4
  -7   10
  -9  -15
 -16   15
  22   13
 -29   -1
 -11   30
  31  -20
  -5    4
   7   10
   9  -15
 -15   16
 -13   22
  29   -1
 -32    0
 -31   20
   5    4
  -3  -12
  15   -9
   9   20
  13   22
   2  -29
  -8  -31
 -20   31
  -4    5
   3  -12
  15    9
  19  -11
 -16  -20
  13  -26
 -20  -25
 -23  -29
   4    5
 -12   -3
  12  -13
 -22    0
  16  -20
  19  -22
 -32    1
 -29   23
  -3   -6
 -12    3
 -13  -12
  22    0
  20  -16
 -26  -13
 -31    8
 -30  -22
   3   -6
  -3   12
 -13   12
   0   22
 -20   16
  26   13
  31    8
  30  -22
  -6   -3
   3   12
  17   -5
  -1  -22
 -16   20
 -22   19
 -20   25
 -30   22
  -6    3
 -11   -6
 -17    5
  14  -17
  16   20
  22   19
  -2  -32
 -32  -19
   6    3
  11   -6
  11  -14
  22    1
   9  -24
  19   22
 -32    2
 -31   21
  -3    6
  11    6
 -16   -8
 -14   17
 -24   -9
   8  -28
 -32   -3
 -21   31
   3    6
  -6   11
  16    8
  14   17
  24    9
 -28   -8
  14  -29
  21   31
   0   -7
   4  -12
  -8   16
  -2  -22
  -9   24
 -28    8
 -19  -26
 -26  -27
  -7    0
 -12   -4
   8   16
 -22   -2
   9   24
  28    8
 -29  -14
  26  -27
   7    0
  12   -4
   0  -18
  22   -2
 -25   -6
  -8   28
 -29   14
 -27  -26
   0    7
  12    4
  18    0
  -2   22
  15  -21
   8   28
  29   14
  27  -26
  -1   -7
  -4   12
   1  -18
   2   22
  21  -15
  11  -27
 -26   19
 -27   26
   1   -7
   9   -9
  -6  -17
 -21   -7
  15   21
 -15  -25
  26   19
 -26   27
  -5   -5
   8  -10
   6  -17
  21    7
  12  -23
 -27  -11
 -19   26
 -25  -28
   5   -5
 -10   -8
  10  -15
   7   21
 -23  -12
  27  -11
  19   26
 -28   25
  -7   -1
  10   -8
 -15  -10
 -13  -18
  -7  -25
 -29   -3
 -14   29
  28   25
   7   -1
 -10    8
  15  -10
  13  -18
 -25   -7
 -27   11
  14   29
  25   28
  -7    1
  -8   10
  17   -6
 -18  -13
  25   -7
  27   11
  -4  -32
  24  -29
   7    1
   8   10
 -18    1
  18  -13
  -7   25
 -15   25
   4  -32
 -29  -24
   1    7
 -12   -5
  18    1
 -22   -3
 -10  -24
  11   27
 -16  -28
 -29   24
  -4   -6
 -13    0
  17    6
  22   -3
  10  -24
 -18  -23
  16  -28
 -24   29
   4   -6
  13    0
 -15   10
  22    3
 -24  -10
  18  -23
 -32   -4
  24   29
  -6   -4
  12    5
   6   17
 -18   13
  24  -10
 -23  -18
 -32    4
 -20  -32
   6   -4
   5   12
 -18   -2
  18   13
 -24   10
 -23   18
 -16   28
 -23  -30
  -6    4
   0   13
 -18    2
 -13   18
 -10   24
  18   23
  -9  -31
  23  -30
   6    4
  -7  -11
  18    2
  13   18
   0   26
  -4  -29
   9  -31
  30  -23
  -4    6
   7  -11
  -2   18
  -3   22
  -1  -26
   4  -29
  31   -9
 -30   23
   2   -7
  11   -7
 -18    3
   3   22
  26   -1
 -29    4
 -31    9
  30   23
  -7   -2
  13   -1
  18    3
  -4  -22
  26    1
  -4   29
  31    9
 -23   30
   7   -2
 -13    1
  -3   18
 -10  -20
  -1   26
   9  -28
  -9   31
  23   30
  -7    2
  11    7
   3   18
 -20  -10
   1   26
  24  -17
 -12  -30
  31   22
   7    2
  -7   11
   9  -16
 -22   -4
  -2  -26
 -28   -9
 -30  -12
 -22   31
   2    7
   7   11
 -16   -9
 -22    4
   2  -26
  28   -9
 -30   12
  27   27
  -3   -7
  -1   13
  16   -9
  22    4
 -14  -22
 -28    9
  -5  -32
  26  -28
   3   -7
   1   13
 -16    9
  20   10
  22  -14
  -9   28
 -32   -5
 -21  -32
  -7   -3
  -2  -13
  13  -13
 -10   20
  26    2
   9   28
 -18  -27
 -32   21
   7    3
 -13    2
  17   -7
   4   22
  22   14
   5  -29
  18  -27
 -29  -25
  -3    7
  13    2
  17    7
 -12  -19
 -14   22
   5   29
  27  -18
 -29   25
   3    7
  -2   13
 -13   13
  19  -12
  -2   26
 -14  -26
 -27   18
  25   29
  -5   -6
   3  -13
  -7   17
 -19   12
 -18  -19
 -14   26
  27   18
  24  -30
   5   -6
 -13    3
   7   17
  19   12
  26   -3
  12  -27
  18   27
  30  -24
  -6   -5
  13    3
 -12  -14
  12   19
 -26    3
 -27   12
 -32   -6
  24   30
  -6    5
  -3   13
 -14  -12
  -8   21
  26    3
  12   27
 -24   22
  23   31
   6    5
  -6  -12
  14  -12
   5  -22
  -3   26
   6  -29
  24   22
  22  -32
  -5    6
   6  -12
 -18    4
 -22   -5
  -8  -25
 -29    6
 -10  -31
 -32   22
   0   -8
 -12   -6
  18    4
  22    5
   8  -25
 -16  -25
  10  -31
 -28  -27
  -8    0
  12   -6
 -12   14
 -16  -16
 -20  -17
  16  -25
  31   10
  28  -27
   8    0
  12    6
  12   14
 -15  -17
  20  -17
  25   16
  10   31
  29  -26
  -1   -8
  -6   12
  -4   18
 -17  -15
 -25    8
  16   25
  25  -21
 -29   26
   1   -8
   6   12
   4   18
 -17   15
  25    8
  21  -21
 -29  -15
 -25  -30
  -4   -7
  10   -9
 -15  -11
   6  -22
 -17   20
 -21   21
  29   15
  25  -30
   4   -7
 -10    9
 -15   11
  14  -18
  17   20
 -10  -28
 -25   21
 -30  -25
   7   -4
  10    9
 -11   15
 -22    6
  -4  -26
  10  -28
  15   29
  30  -25
  -8   -1
  -4  -13
  18   -5
 -18   14
 -26    4
  20  -22
  13  -30
  30   25
   8   -1
   4  -13
  18    5
  18   14
  26    4
 -22  -20
  30  -13
  25   30
  -7    4
  -8  -11
  -5   18
  -6   22
  -4   26
 -28   10
  30   13
 -24  -31
   7    4
 -11   -8
   5   18
   6   22
   4   26
  22   20
 -13   30
  31   24
  -4    7
 -13    4
   8  -17
 -11  -20
 -11  -24
  -7  -29
  13   30
  24   31
   4    7
  11    8
 -17   -8
  11  -20
  16  -21
  19  -23
   7  -32
 -28   28
  -1    8
  -8   11
  17   -8
 -20  -11
 -21  -16
  23  -19
 -28  -17
  27  -29
   1    8
   8   11
  17    8
  20  -11
 -24  -11
 -23   19
 -20  -26
  29  -27
  -2   -8
   4   13
  -8   17
 -20   11
  24  -11
  23   19
  20  -26
  29   27
   2   -8
   7  -12
  10  -16
  20   11
 -24   11
   7   29
 -26  -20
 -27   29
  -8   -2
 -12   -7
 -16  -10
 -11   20
 -21   16
 -13  -27
 -26   20
 -30  -26
   8   -2
  12   -7
 -16   10
  11   20
 -13  -23
  13  -27
  11  -31
  30  -26
  -8    2
 -12    7
  10   16
  -9  -21
  13  -23
  27  -13
 -31   11
  30   26
   8    2
  -7   12
 -18   -6
  21    9
 -23   13
   0  -30
  31   11
  26   30
  -2    8
   7   12
  -6   18
   9   21
  23   13
 -18  -24
  -8  -32
 -25  -31
   2    8
  -5  -13
   0  -19
   0  -23
 -26   -5
 -24  -18
   8  -32
  25   31
   6   -6
 -13   -5
   0   19
  23    0
  26   -5
  30    0
 -32    8
 -24  -32
  -6    6
  13   -5
   1  -19
   0   23
  26    5
 -24   18
 -27  -19
  24  -32
   6    6
 -13    5
 -19   -1
   1  -23
   5   26
  -1  -30
  27  -19
 -32  -24
  -3   -8
  13    5
  19   -1
  13  -19
  -9  -25
  26  -15
  27   19
 -32   24
   3   -8
  -5   13
  -1   19
 -23    1
   9  -25
 -30   -1
 -19   27
 -28  -29
  -8   -3
   5   13
   1   19
  23    1
  25   -9
  30   -1
  19   27
 -29  -28
   8   -3
  -1  -14
 -13  -14
  13   19
 -25    9
  30    1
 -30  -14
 -29   28
  -8    3
   1  -14
 -19   -2
  -1   23
  -9   25
 -26   15
  29  -16
  29   28
   8    3
  14   -1
  19    2
  -2  -23
   9   25
 -15   26
 -29   16
 -28   29
  -3    8
 -14    1
  13   14
   2  -23
  22  -15
   1   30
  24  -23
 -27  -30
  -5   -7
  -1   14
   2   19
  -7  -22
  22   15
 -30   -2
 -32   -9
 -27   30
   5   -7
   2  -14
  15   12
 -23   -2
 -15   22
  -2   30
  31   12
  26  -31
  -7   -5
 -10  -10
 -12   15
  23   -2
  26   -6
 -11  -28
 -24   23
 -31   26
   7   -5
  10  -10
  12   15
  23    2
 -26    6
  28  -11
 -12   31
  26   31
  -7    5
  14    2
   3  -19
 -22    7
  26    6
  29   -8
  18  -28
 -32  -25
   7    5
  -2   14
   9  -17
  22    7
 -24   12
  29    8
 -28  -18
 -32   25
   5    7
  -9  -11
 -17   -9
 -23   -3
 -12   24
 -11   28
  28  -18
 -29   29
  -4   -8
  11    9
  17   -9
 -23    3
  12   24
  11   28
  28   18
 -28  -30
   4   -8
   9   11
 -19   -3
  23    3
  19   19
  -8   29
 -22  -25
 -30  -28
  -8   -4
  -6  -13
 -19    3
  10  -21
  18  -20
   8   29
 -25  -22
  30  -28
   8   -4
   6  -13
 -17    9
 -21  -10
 -20  -18
 -17  -25
  25  -22
 -30   28
  -8    4
 -13   -6
  17    9
  21  -10
 -20   18
  17  -25
 -25   22
  28   30
   8    4
 -14   -3
  -9   17
  21   10
  -7  -26
  25  -17
  25   22
  31  -27
   0   -9
  14   -3
   9   17
  10   21
   7  -26
  25   17
 -22   25
 -27   31
  -9    0
 -14    3
  -3   19
  12  -20
 -10  -25
   4   30
  22   25
  27   31
   9    0
  14    3
   3   19
 -20  -12
  10  -25
  -9  -29
 -21  -26
 -26  -32
   0    9
  -6   13
  -7  -18
  20   12
  14  -23
   9  -29
  26  -21
 -29  -30
  -1   -9
 -12   -8
 -18   -7
 -12   20
  23  -14
 -29   -9
 -26   21
 -30   29
   1   -9
  12   -8
  18   -7
  -4  -23
  25  -10
  -9   29
 -10  -32
 -29   30
  -9   -1
 -12    8
 -18    7
 -17  -16
 -26   -7
  -5  -30
 -32  -10
  29   30
   9   -1
  12    8
   7   18
  17  -16
  26    7
   5  -30
 -32   10
 -28  -31
  -9    1
  -8   12
  -4  -19
 -23   -4
  14   23
  27  -14
  15  -30
  31  -28
   9    1
   8   12
  16  -11
  23   -4
 -10   25
 -30   -5
 -30  -15
 -28   31
  -1    9
   4  -14
  19   -4
 -23    4
   0  -27
  30   -5
 -15   30
  27  -32
   1    9
 -14   -4
  19    4
  23    4
 -27    0
  27   14
  15   30
 -32   27
  -2   -9
 -14    4
 -16   11
 -17   16
  27    0
 -22   21
 -27  -20
 -30  -30
   2   -9
  14    4
  16   11
  17   16
  17  -21
 -21   22
  27  -20
 -30   30
  -6   -7
  -4   14
   5  -19
 -16   17
 -21  -17
  21   22
  20   27
  30   30
   6   -7
  -7  -13
 -19   -5
  -4   23
 -27    1
 -14   27
 -13  -31
 -28  -32
  -7   -6
 -13   -7
 -19    5
 -22    8
  -1   27
   5   30
 -17   29
  28  -32
   7   -6
 -13    7
  19    5
  22    8
  27   -2
 -28  -12
 -13   31
 -32  -28
  -9   -2
   7   13
   5   19
  -8   22
  -3  -27
  28  -12
  13   31
 -32   28
   9   -2
  -5  -14
  -8  -18
 -15  -18
  -3   27
 -12   28
 -11  -32
 -30  -31
  -9    2
   5  -14
   8  -18
  15  -18
   3   27
  12   28
  11  -32
 -31  -30
  -7    6
  10  -11
 -18   -8
 -18  -15
 -16  -22
 -20  -23
 -19  -28
  31   30
   7    6
  11  -10
 -18    8
  18  -15
  16  -22
 -23   20
  19  -28
  30   31
  -6    7
 -14   -5
  18    8
  15   18
 -22  -16
  23   20
 -32   11
 -32   29
   6    7
  11   10
  10  -17
  -5  -23
  22  -16
  20   23
  28   19
 -31  -31
  -2    9
 -10   11
 -17  -10
  23   -5
 -26    8
 -16  -26
 -24  -24
  31  -31
   2    9
  -5   14
 -17   10
 -23    5
  26    8
  16  -26
 -24   24
 -31   31
  -5   -8
   5   14
  17   10
  23    5
  22   16
 -26  -16
  24   24
  30  -32
   5   -8
   0  -15
  10   17
   5   23
   8   26
  26  -16
  23   25
 -32  -30
  -8   -5
  -9  -12
 -14  -14
 -14  -19
   4  -27
 -26   16
 -16  -30
 -31  -32
