# First column: index of dimension 2; Second column: index of dimension 3
CS_EncMatrix 64 16
CS_ACT_EncMatrix 64 32
PVM_RareFactor 8
   0    0
   4   -6
 -11    2
 -14   -3
  17    3
  21    1
  24    7
 -29   -3
   0   -1
  -6   -4
  10    5
  14   -3
  -7  -16
 -18  -11
 -20   15
  29   -3
  -1    0
   6    4
   5   10
  14    3
 -16   -7
  18  -11
 -25    1
  27   11
   1    0
  -4    6
   8   -8
 -13    6
  16   -7
 -21   -2
 -22  -12
  25   15
   0    1
   4    6
  -3  -11
  12    8
 -17   -4
  21   -2
  22   12
 -29   -4
  -1   -1
  -2   -7
   7   -9
 -14    4
 -17    4
 -21    2
  23  -10
  29   -4
   1   -1
   2   -7
  -9   -7
  14    4
  17    4
  21    2
 -25    2
 -29    4
  -1    1
  -7   -2
   9   -7
   4   14
  -9  -15
  18   11
  25    3
  28   -9
   1    1
   7   -2
  11   -3
  -7  -13
 -15   -9
  20   -7
 -21  -14
  28    9
   0   -2
  -7    2
 -11    3
 -13   -7
  15    9
  20    7
  21   14
 -29    5
  -2    0
   7    2
  11    3
  13   -7
 -12  -13
 -15  -15
 -25    4
 -26  -14
   2    0
  -2    7
  -9    7
 -13    7
 -13  -12
  21   -3
 -23  -11
  27  -12
   0    2
   2    7
   7    9
  13    7
 -13   12
 -14  -16
  23  -11
  29   -6
  -1   -2
  -3   -7
  -3   11
 -10  -11
  12   13
  14  -16
 -25    5
  29    6
   1   -2
  -7   -3
   6  -10
  10  -11
 -17   -5
 -16  -14
  25    5
 -28  -10
  -2   -1
   7   -3
  -6   10
 -11  -10
  17    5
  21   -4
 -24   -9
 -28   10
   2   -1
  -7    3
  -4  -11
  11  -10
 -11   14
  21    4
  25   -6
  28   10
  -2    1
   7    3
   4  -11
  14    5
  11   14
  17  -13
 -21  -15
 -29   -7
   2    1
  -3    7
  11   -4
 -11   10
   8  -16
  17   13
  21  -15
 -29    7
  -1    2
   3    7
  11    4
  11   10
  16   -8
 -20    8
 -21   15
 -30    0
   1    2
  -5   -6
  -4   11
 -10   11
 -16    8
  21   -5
 -23  -12
 -26  -15
  -2   -2
   5   -6
   4   11
   0  -15
  16    8
 -21    5
 -26    0
  30    1
   2   -2
  -6   -5
   0  -12
  -9  -12
 -10  -15
  21    5
 -24   10
  26   15
  -2    2
   5    6
 -12    0
 -15    0
  10  -15
 -18   12
  24   10
  30   -2
   0   -3
   0   -8
  12    0
 -12    9
  15  -10
 -21   -6
  26    1
 -30    2
  -3    0
  -8    0
   0   12
  12    9
 -17   -6
  21    6
 -26   -2
 -29   -8
   3    0
   8    0
  -1  -12
  -9   12
  18   -1
  15  -16
  26   -2
  28   11
   0    3
  -1   -8
   8   -9
  -1  -15
 -17    6
  20   -9
 -26   -3
 -30   -3
  -1   -3
   1   -8
   9   -8
 -15   -1
  17    6
 -20    9
  26   -3
 -30    3
   1   -3
  -4   -7
  12   -1
  15    1
  10   15
  20    9
 -25   -8
  30   -4
  -3   -1
   7   -4
 -12    1
   1   15
 -18    2
 -19  -11
  26    4
 -29   -9
   3   -1
   8   -1
  12    1
  15   -2
  18    2
  19  -11
 -21  -16
  29   -9
  -3    1
  -8    1
  -8    9
   2   15
  18   -3
 -22    0
  24   11
  27  -14
   3    1
   8    1
  -1   12
 -14   -6
 -18    3
  22    0
 -23  -13
 -30   -5
   1    3
  -7    4
  11   -5
  14   -6
  -9  -16
  17  -14
 -23   13
 -30    5
  -2   -3
   7    4
  11    5
  -6   14
   9  -16
 -22   -1
  23   13
  30    5
   2   -3
  -4    7
 -12   -2
  -8  -13
 -16    9
  22   -1
 -26   -5
 -27   14
  -3   -2
  -1    8
  12   -2
 -13   -8
  16    9
  22    1
 -26    5
  27   14
   3   -2
  -2   -8
 -12    2
  13   -8
 -13  -13
  22   -2
  26    5
  28   12
  -3    2
   2   -8
   2   12
  13    8
  13  -13
 -21   -7
 -25   -9
  26  -16
   3    2
  -8   -2
 -10   -7
   8   13
 -17   -7
 -21    7
 -25    9
  30   -6
  -2    3
   8   -2
  -7   10
  -3   15
  17   -7
  18  -13
 -22  -15
 -30    6
   0   -4
  -8    2
 -12   -3
   4  -15
 -17    7
 -22   -3
  22  -15
  30    6
  -4    0
   6   -6
 -12    3
  15   -4
  17    7
  22   -3
  26   -6
 -29  -10
   4    0
  -3   -8
  -3   12
  15    4
 -13   13
 -22    3
 -25  -10
  29  -10
  -1   -4
  -8   -3
  -6  -11
  -4   15
 -14  -12
  22    3
  26   -7
 -29   10
   1   -4
   8   -3
  11    6
   4   15
 -18   -4
 -18   13
  26    7
 -30   -7
  -4   -1
  -8    3
  -6   11
  11  -11
  18   -4
  19  -12
  25   10
  30   -7
   4   -1
   8    3
   6   11
  11   11
 -18    4
  21   -8
 -27    0
 -28  -13
  -4    1
   3    8
 -12   -4
  10  -12
  18    4
 -21    8
  27   -1
  27   15
   4    1
  -5   -7
  12   -4
  12  -10
  12   14
 -22    5
 -27    1
 -31    0
  -1    4
   5   -7
  12    4
 -10   12
  15  -11
 -16  -16
  27    1
  31    0
   1    4
   7   -5
   4   12
  -7  -14
 -15   11
 -17  -15
 -27   -2
  31   -1
  -3    3
  -7    5
  -9   -9
  14   -7
 -11   15
  17   15
  27   -2
 -31    1
   3    3
   5    7
   9   -9
 -14    7
  18    5
 -18  -14
 -27    2
  31    1
  -2   -4
   4   -8
  -9    9
  14    7
  17   -8
  22   -6
 -27   -3
 -29   11
   2   -4
  -8   -4
  10   -8
  -7   14
 -17    8
 -22    6
 -27    3
  30   -8
  -4   -2
   8   -4
 -10    8
   7   14
 -10  -16
 -18   14
 -22  -16
 -31   -3
   4   -2
  -4    8
  -8   10
  -9  -13
  10  -16
 -20  -11
 -26   -8
  31   -3
  -4    2
   4    8
   8   10
 -13   -9
  16  -10
  20  -11
  26   -8
  31    3
   4    2
   0   -9
   0  -13
 -15   -5
 -16   10
 -20   11
 -24  -13
 -31   -4
  -2    4
  -9    0
  12   -5
  15   -5
  16   10
  21   -9
 -27   -4
 -28  -14
   2    4
   9   -1
 -13    0
 -15    5
 -18    6
  21    9
  27   -4
  28  -14
  -3   -4
  -9    1
 -12    5
  15    5
  18    6
 -23    0
  24   13
 -28   14
   3   -4
  -6   -7
  12    5
   9   13
 -19    0
  23    0
  25  -11
 -30   -9
  -4   -3
   6   -7
  -5   12
  -5   15
  19    0
  19  -13
 -25   11
 -27  -16
   4   -3
  -7   -6
   5   12
 -16    0
  19   -1
 -23   -1
  23  -15
  27  -16
  -5    0
  -9   -2
   0   13
  16    0
 -19    1
 -19   13
  27   -5
 -29  -12
   5    0
  -7    6
   7  -11
  16    1
  19    1
 -22   -7
  27    5
  29  -12
  -4    3
  -2    9
 -11   -7
  -2  -16
 -19   -2
  22   -7
 -23   15
 -29   12
  -3    4
   2    9
  11   -7
   2  -16
 -19    2
  23    2
  26    9
  29   12
   3    4
   5   -8
  13   -1
  14   -8
  19    2
 -22    7
 -27   -6
 -31   -5
  -5   -1
  -8   -5
   2  -13
 -16   -2
  13   14
  22    7
  27   -6
  31   -5
   5   -1
   8   -5
 -13   -2
  16   -2
 -12  -15
 -23   -3
 -27    6
 -31    5
  -5    1
  -5    8
  13   -2
 -16    2
 -15  -12
 -23    3
  27    6
  31    5
   5    1
   3   -9
 -13    2
  16    2
 -15   12
 -21  -10
 -25  -12
 -31    6
   1    5
   9   -3
  13    2
 -14    8
  15   12
  21  -10
 -26  -10
 -28  -15
  -2   -5
  -9    3
  -2   13
  14    8
 -17   -9
 -21   10
  26  -10
  28   15
   2   -5
   9    3
   3  -13
  -6  -15
  17   -9
 -20  -12
 -26   10
  29  -13
  -5   -2
  -3    9
 -13   -3
   6  -15
  19   -3
  20  -12
 -27    7
 -31    7
   5   -2
   4   -9
 -13    3
  15   -6
 -17    9
  23   -4
  28    0
  31    7
   5    2
  -9   -4
  13    3
   3  -16
  11  -16
 -23    4
 -23  -16
 -29   13
  -2    5
  -9    4
  -3   13
 -11  -12
 -16  -11
 -22   -8
  23  -16
 -30  -11
   2    5
   7   -7
   3   13
  12  -11
 -19   -4
 -22    8
  28   -1
  30  -11
  -4   -4
   7    7
 -12   -6
  16   -3
  19    4
  22    8
  28    1
  31    8
   4   -4
   0  -10
  12    6
 -16    3
 -16   11
 -18   15
  28   -2
 -32    2
  -4    4
  -6   -8
  -9  -10
 -12   11
 -19    5
 -23   -5
 -28    2
 -32   -3
   4    4
   6   -8
 -10   -9
 -11   12
 -18    8
  23   -5
  28    2
  29   14
   3   -5
  -8   -6
  10   -9
  11   12
 -17  -10
 -23    5
 -28   -3
  28  -16
  -5   -3
   8   -6
  10    9
 -10  -13
 -14  -14
  23    5
  28   -3
 -32   -4
   5   -3
 -10    0
   9   10
  10  -13
 -14   14
  21  -11
 -28    3
 -32    4
   5    3
  10    0
  -8  -11
  13  -10
  14   14
  23   -6
 -27    8
 -31    9
  -3    5
  -8    6
 -13    4
 -13   10
  13  -15
 -22    9
 -25  -13
  31    9
   3    5
   0   10
 -11    8
  13   10
  15  -13
 -20  -13
  25  -13
 -30  -12
   0   -6
  -1  -10
  -8   11
 -10   13
  15   13
  20  -13
  25   13
  30  -12
  -6    0
   1  -10
   8   11
  -4  -16
 -13   15
 -24    1
 -26  -11
 -32   -5
   6    0
  10    1
   4   13
  16   -4
  13   15
  24    1
  26  -11
 -32    5
  -1   -6
  -1   10
  -7  -12
 -16    4
 -19   -6
 -23   -7
 -28   -4
 -31  -10
   1   -6
 -10   -2
 -12   -7
  -7  -15
 -19    6
  23   -7
 -28    4
  31  -10
  -6   -1
  10   -2
  12   -7
 -15   -7
  16  -12
 -23    7
  24  -15
  31   10
   6   -1
  10    2
  12    7
  15   -7
  20    0
  23    7
  24   15
 -29  -15
  -6    1
  -2   10
  -7   12
  15    7
 -16   12
 -18  -16
 -28   -5
 -30  -13
  -1    6
  -5   -9
  -5  -13
  -7   15
  16   12
  18  -16
 -28    5
  30  -13
  -2   -6
   9   -5
  13    5
  -9  -14
 -20   -2
  24   -2
 -27   -9
 -30   13
   2   -6
   5    9
  -5   13
 -14   -9
 -20    2
 -24    2
 -27    9
  30   13
  -6   -2
  -3  -10
   0  -14
 -14    9
  20    2
  22  -10
 -26  -12
 -32   -7
  -6    2
 -10   -3
 -14    0
   5  -16
  20    3
 -22   10
  28   -6
 -32    7
   2    6
  10   -3
  14    0
  12  -12
 -19   -7
 -24   -3
  26   12
  31  -11
  -4   -5
 -10    3
   0   14
 -15   -8
  19    7
  24   -3
 -25  -14
 -31   11
  -5   -4
  10    3
  -1  -14
 -17    0
  17   11
 -24    3
 -25   14
  31   11
   5   -4
  -7   -8
 -14   -1
 -15    8
  20   -4
  19  -15
  27  -10
 -32   -8
  -5    4
   7   -8
 -14    1
 -11  -13
 -20    4
 -19   15
  27   10
 -30  -14
   5    4
  -8    7
  14    1
 -13  -11
 -14  -15
 -24   -4
 -24  -16
  29  -16
  -4    5
   8    7
  -1   14
  17   -1
 -15   14
  23   -8
  24  -16
 -31   12
  -3   -6
   7    8
   2  -14
 -17    1
  15   14
 -20  -14
 -28   -7
  30   15
   3   -6
 -10   -4
 -10  -10
  17    1
  14   15
  24   -5
 -28    7
  31  -13
  -6   -3
 -10    4
  14    2
 -13   11
 -18  -10
 -22  -11
  28    7
  31   13
   6   -3
  10    4
 -10   10
 -11   13
 -18   10
 -22   11
 -29    0
  31   14
  -6    3
  -6   -9
  -2   14
  11   13
  13  -16
  22   11
  29    0
 -32  -12
  -3    6
   6   -9
   2   14
   6  -16
 -19   -8
 -21  -13
 -29   -1
 -32   12
   3    6
   9    6
   9  -11
 -16   -6
  20   -5
  21   13
  29   -1
 -31  -15
  -7    0
  -6    9
  11   -9
 -16    6
 -19    8
 -24   -6
 -26  -13
 -32  -13
   7    0
   0   11
  11    9
  16    6
  19    8
 -24    6
  26  -13
 -31  -16
  -1   -7
  11   -1
  -9   11
  17   -2
 -17  -12
 -20  -15
  29   -2
  31  -16
  -7   -1
 -11    1
   9   11
 -17    2
  17  -12
  20  -15
 -29    2
 -32   14
   7    1
  -2  -11
  -6  -13
 -10  -14
  20   -6
 -24   -7
 -26   13
 -32  -15
  -5    5
   2  -11
 -13   -6
 -14  -10
 -21    0
  24   -7
 -25  -15
 -32   15
   1    7
 -11   -2
  13   -6
 -14   10
  21    0
  25    0
  27  -11
 -32  -16
