# First row: index of dimension 2; Second row: index of dimension 3
CS_EncMatrix 64 8
CS_ACT_EncMatrix 64 64
PVM_RareFactor 8
   0    0
  -2    4
   0   -8
  10   -4
  -8   11
  -5   17
 -18  -15
   1  -29
   0   -1
   2    4
  -8    0
 -10    4
 -12   -7
  14   11
   5  -23
 -29   -1
  -1    0
   0   -5
   8    0
  -6   -9
 -13   -5
   8  -16
 -21   11
   8   28
   1    0
  -3   -4
   0    8
   6   -9
  -1  -14
   0   18
   6  -23
 -25  -15
   0    1
   3   -4
   1   -8
  -9    6
   1   14
   1  -18
   0  -24
 -29   -3
  -1   -1
  -4   -3
  -7   -4
 -11    0
 -10   10
  10  -15
 -24   -1
 -29    4
   1   -1
   4   -3
  -8   -1
  11    0
  -9  -11
 -15   10
 -23   -7
 -17  -24
  -1    1
  -5    0
   8   -1
   1  -11
  -6  -13
  18   -3
  17   17
 -24   17
   1    1
   5    0
  -8    1
 -11   -1
  13    6
   3   18
   2  -24
 -17   24
   0   -2
  -4    3
  -4    7
  11   -1
   6   13
  16    9
 -18  -16
  12  -27
  -2    0
   4    3
   1    8
  -1   11
   4  -14
 -12   14
 -22  -10
  27  -12
   2    0
   0    5
   2   -8
 -10   -5
  14   -4
 -17    8
  10   22
  -6   29
   0    2
  -5   -1
  -8    2
 -11   -2
 -13    7
  16   10
   3   24
  23   19
  -1   -2
  -5    1
   8    2
 -11    2
  13    7
  -2  -19
  23   -8
 -18  -24
   1   -2
  -1    5
  -2    8
   5   10
  10  -11
 -13   14
   8   23
  29   -8
  -2   -1
  -5   -2
  -6   -6
  -8   -8
  14   -5
  15   12
  11   22
   3  -30
   2   -1
   5   -2
  -6    6
  11   -3
 -14    5
 -17    9
 -24   -6
  29   -9
  -2    1
   5    2
  -8   -3
  11    3
  -5   14
  -7   18
 -18  -17
  26  -16
   2    1
  -2    5
   8   -3
  -7    9
   5   14
 -11  -16
  18   17
 -29  -10
  -1    2
  -4   -4
  -8    3
   7    9
   0  -15
  16   11
  16  -19
  29   10
   1    2
  -3   -5
   5   -7
  -6   10
  -1  -15
  11   16
  20  -15
  -8  -30
  -2   -2
   3   -5
  -5    7
   6   10
   1  -15
  -5  -19
  25   -1
 -17   26
   2   -2
   5   -3
  -4   -8
  -4  -11
  15    1
  -5   19
 -25    1
   2   31
  -2    2
  -3    5
   4   -8
 -11   -4
  15    2
 -18   -8
   3  -25
  26  -18
   2    2
   3    5
  -8   -4
  12    0
   2   15
   8   18
 -25    4
 -15   28
   0   -3
  -6    0
  -8    4
  -9   -8
  13   -8
  15   13
  23   11
  23   22
  -3    0
  -1   -6
  -4    8
   9   -8
 -13    8
  13   15
 -20  -16
  24   21
   3    0
   1   -6
  -1   -9
 -12    1
  15   -3
   6  -19
  24   -9
 -10  -31
   0    3
   6    1
   1   -9
   1   12
 -15   -4
  -6   19
 -21  -15
 -30  -13
  -1   -3
  -1    6
  -9    1
  11    5
  15   -4
   6   19
 -25    7
  -8  -32
   1   -3
  -2   -6
   1    9
   5   11
 -11   11
 -16  -12
 -19  -18
   8  -32
  -3   -1
   2   -6
  -2   -9
  -2  -12
  10  -12
 -20    1
 -17  -20
 -32   -8
   3   -1
  -6   -2
   2   -9
 -12    2
 -12  -10
   9  -18
 -25    8
 -30   14
  -3    1
  -6    2
  -7   -6
  -2   12
 -10   12
 -19   -7
  24   11
 -31   13
   3    1
   6    2
  -9   -2
  10   -7
  -7   14
  -7   19
 -23  -13
 -28  -19
  -1    3
  -2    6
  -9    2
 -10    7
  -9   13
 -18   10
  25    9
 -32   11
   1    3
   2    6
   6    7
  -3  -12
   9   13
 -16  -13
  -9   25
  16  -30
  -2   -3
  -4   -5
  -5    8
   3   12
  -1   16
 -16   13
  -6   26
 -20   28
   2   -3
  -5    4
   9    3
  -6  -11
 -14   -8
  -1   21
 -24   12
 -15  -31
  -3   -2
   5    4
   4   -9
 -11   -6
  16   -2
 -18  -11
 -12   24
 -29   19
   3   -2
  -4    5
   9   -4
  11   -6
  -6  -15
 -20   -7
  12   24
 -26  -23
  -3    2
   4    5
  -7    7
 -11    6
   6  -15
  -3  -21
 -23   14
 -30   18
   3    2
  -6   -3
  -8   -6
   4  -12
 -15   -6
   3  -21
 -27   -1
 -32   15
  -2    3
  -6    3
 -10    0
 -10   -8
 -15    6
  14  -16
  21   17
  25   25
   2    3
   6    3
  10    0
  10    8
 -16   -3
 -17   13
  17   21
 -29  -21
   0   -4
   3    6
   8    6
   8   10
  10  -13
  17   13
 -27    2
 -18   31
  -4    0
   7    0
   0   10
  -5   12
  13  -10
 -18  -12
  21   18
 -20   30
   4    0
  -7   -1
 -10   -1
  -7  -11
 -10   13
  19   11
 -24  -14
  25  -26
   0    4
   7   -1
  10   -1
 -13    1
  10   13
 -11   19
  24  -14
 -24  -27
  -1   -4
  -7    1
 -10    1
 -11    7
 -16   -4
 -22    0
  17  -22
  22  -29
   1   -4
  -1    7
   1   10
  -7   11
   7  -15
   7   21
  -7   27
 -30   21
  -4   -1
   4   -6
  10    2
  -2  -13
 -15   -7
  22   -3
   1  -28
 -20   31
   4   -1
  -6   -4
  -2   10
 -13    2
  15    7
  20  -10
 -16   23
  23  -29
  -4    1
   6   -4
  -9   -5
   3  -13
  -7   15
  21   -8
  -8  -27
 -22  -30
   4    1
  -6    4
   9   -5
  13    3
  -9   14
 -22    5
   4  -28
 -31   21
  -1    4
  -4    6
  -3  -10
  -3   13
  -8  -15
  17   15
 -20  -20
  29  -24
   1    4
  -7   -2
   3  -10
   3   13
  17    0
 -18   14
 -28   -4
  29  -26
  -3   -3
  -2    7
 -10    3
   6  -12
   2   17
 -20  -11
  20   20
  31  -24
   3   -3
  -7   -3
  10    3
  12    6
  -3  -17
 -13  -19
 -24  -15
 -32  -24
  -3    3
  -7    3
   7   -8
  -6   12
 -17    3
   2  -23
  25   14
  27  -30
  -2   -4
  -3    7
  -8   -7
 -10   -9
   3   17
  23   -2
 -10  -27
 -27   31
   2   -4
  -5   -6
   8   -7
   4  -13
  17   -4
  -2   23
 -27   10
  30  -30
  -4   -2
   6   -5
   4  -10
 -13    4
  15    9
 -21   10
  28    7
  31  -30
  -4    2
  -6    5
 -10   -4
 -11    8
   5  -17
 -17  -16
 -20   21
  31   31
