# First column: index of dimension 2; Second column: index of dimension 3
CS_EncMatrix 64 8
CS_ACT_EncMatrix 64 32
PVM_RareFactor 8
   0    0
  -5    1
  -8    0
 -10   -4
 -11   -9
 -10  -14
 -18  -12
 -24  -13
   0   -1
   5    1
  -1   -8
   6   -9
 -13   -6
  17   -3
 -15  -16
  27   -4
  -1    0
   1    5
  -7   -4
  -9   -6
 -14    3
  17    3
  19  -11
 -27    4
   1    0
  -2   -5
  -8   -1
   9   -6
  14    3
   7  -16
  19   11
 -25   12
   0    1
  -5   -2
   8   -1
  -9    6
  13    6
 -17   -4
 -22   -1
 -24   14
  -1   -1
   5    2
  -8    1
 -11   -1
   8  -12
  15    9
  22   -1
  24   14
   1   -1
  -2    5
  -4    7
  11   -1
  -8   12
  16   -8
  17   14
  26  -10
  -1    1
   2    5
  -8   -2
 -11    1
   8   12
 -15  -10
 -21   -7
 -26   10
   1    1
  -4   -4
   8   -2
  11    1
   4  -14
  18   -1
 -18   13
 -28    0
   0   -2
  -4    4
  -8    2
   5  -10
  14   -4
 -10   15
  18   13
 -28    1
  -2    0
   4    4
   6    6
 -11    2
   4   14
   9  -16
  19   12
 -28   -2
   2    0
   3   -5
  -8    3
  10    5
 -13   -7
  18    4
 -16  -16
  27   -8
   0    2
  -5   -3
   8    3
   8    8
 -11  -10
 -12   14
 -17   15
 -24  -15
  -1   -2
   5   -3
  -3    8
  -3  -11
  14    5
  15   11
 -18  -14
  24  -15
   1   -2
  -5    3
   3    8
   3  -11
 -11   10
  18    5
  18   14
 -28    5
  -2   -1
   5    3
   5   -7
  -9   -7
  11   10
  17   -8
  21   -9
 -26  -12
   2   -1
  -3    5
  -7    5
 -11   -3
  -5   14
  17    8
  23    1
 -27  -10
  -2    1
   0   -6
  -5    7
 -11    3
   0  -15
 -16  -10
 -19   13
  27  -10
   2    1
  -6    0
   5    7
  11    3
  12    9
  18   -6
 -23   -2
 -27   10
  -1    2
   6    0
   4   -8
   9    7
 -15   -1
  18    6
  23    3
  27   10
   1    2
  -6   -1
  -8   -4
  -6  -10
 -15    1
  19   -1
 -21  -10
 -29    0
  -2   -2
   6   -1
   8   -4
 -10   -6
 -15   -2
 -13  -14
 -21   10
  29    2
   2   -2
  -6    1
  -8    4
  10    6
 -14   -6
  13  -14
 -17  -16
  28   -8
  -2    2
   6    1
   4    8
  11   -4
 -14    6
 -14  -13
  17  -16
  28    8
   2    2
  -6   -2
  -9    0
  11    4
  -8  -13
 -13   14
 -23    4
  25  -15
  -3    0
  -2    6
   9   -1
  12    0
  13   -8
 -15   12
  18  -15
 -29    3
   3    0
   2    6
  -2   -9
 -12    1
  -3  -15
  15   12
 -23   -5
 -27   11
   0    3
  -5   -4
   2   -9
  12    1
   3  -15
  17   -9
 -23    5
  29    4
  -1   -3
   5   -4
  -6   -7
   2  -12
 -15    3
 -19    3
  19   14
 -29   -5
   1   -3
  -5    4
   6   -7
 -12   -2
 -15   -4
 -17    9
  24    1
 -26  -14
  -3   -1
   5    4
   7   -6
  12   -2
  12  -10
  17    9
  24   -2
 -26   14
   3   -1
  -4    5
  -9   -2
 -12    2
  -5  -15
  18   -7
  22  -10
 -28  -10
  -3    1
   4    5
   9    2
 -10   -7
 -13   -9
 -18    7
  23   -8
  26  -15
   2   -3
  -3   -6
  -5   -8
  10    7
 -15   -5
  11  -16
  20   14
  30    1
  -3   -2
  -6   -3
  -8   -5
 -12   -3
 -15    5
 -16  -11
 -24    5
  26   15
   3   -2
   6   -3
   8   -5
 -12    3
 -13    9
  16  -11
 -22  -11
 -30    2
  -2    3
  -6    3
   8    5
  11   -6
  13    9
 -16   11
  22  -11
 -30   -3
   2    3
   3    6
  -3   -9
 -11    6
  -9   13
 -13   15
 -22   11
 -30    3
   0   -4
  -7    0
  -9    3
  -4   12
   5   15
 -12  -16
 -21  -13
 -30   -4
  -4    0
   7    0
   9    3
   4   12
 -16    1
  12  -16
 -25    2
 -29    9
   4    0
  -1   -7
  -9   -4
  -8  -10
   8  -14
 -16  -12
 -25    3
  29    9
   1   -4
   1   -7
   9    4
 -13    0
 -15   -6
 -20    1
  21  -14
  30   -5
  -4   -1
  -7   -1
   4    9
 -13    1
 -15    6
 -18   -9
 -24   -8
 -30   -7
  -4    1
  -7    1
  -7   -7
  13    1
 -13  -10
  18   -9
  24   -8
  31    0
   4    1
   7    1
   7   -7
  11    7
 -13   10
 -20    3
 -25   -4
  30   -8
  -1    4
  -5    5
  -7    7
  -7   11
  13   10
  17  -11
 -25    4
  31    3
   1    4
   1    7
 -10    0
   2   13
  16   -4
 -20    4
  25    4
  31    4
  -3   -3
  -4   -6
  10    0
   6  -12
 -16    4
  14  -15
  23  -11
  28   14
  -3    3
  -6   -4
  -8    6
  12   -6
 -15   -7
  15   14
 -25   -5
  30   -9
   3    3
   6   -4
  -1  -10
 -12    6
 -15    7
  18  -10
 -22  -13
 -27  -16
  -2   -4
   6    4
 -10   -1
  12    6
  -7   15
 -18   10
  24  -10
  31    6
  -4   -2
   4    6
  10   -1
  -6   12
   9  -14
  18   10
 -22   14
  30  -10
   4   -2
  -7   -2
 -10    1
   6   12
  14    9
 -20   -5
 -25    8
 -28  -15
  -4    2
   7   -2
 -10    2
 -10    9
   9   14
  20    6
  24  -11
 -32    0
   4    2
   7    2
  10    2
 -13   -4
   5  -16
  21   -1
 -24  -12
  31   -8
  -2    4
  -3   -7
  -9   -5
 -13    4
  12  -12
  21    1
  24   12
 -31   -9
   3   -4
   3   -7
   9   -5
  13    4
  12   12
  18  -11
 -26   -7
  30  -12
   4   -3
  -7   -3
  -9    5
  -4   13
   8  -15
  21   -2
 -26    7
 -30   12
  -5    0
   7   -3
  -3  -10
   7  -12
 -17    0
 -21    2
  27   -1
  29  -15
   5    0
  -3    7
  10   -3
 -13    5
  15    8
  21    2
 -27    1
  31   11
   4    3
   5   -6
  -3   10
  -5   13
  -8   15
 -20   -7
  27   -2
 -32    8
  -3    4
  -6    5
  -8    7
  14    0
   6  -16
 -17   13
 -27    2
 -30  -15
  -1   -5
   6    5
   8    7
 -14   -2
  17   -2
  19  -10
 -26    8
 -31  -16
   5   -1
   0   -8
   4  -10
  14   -2
 -17    2
  20    8
  26    8
 -32  -15
